buy -1826 0 1464.0 3.4 -4997.6 
buy -1826 1 8300.0 0.6 -5000.0 
buy -1826 2 1082.0 4.6 -4997.2 
buy -1826 3 3112.0 1.6 -4999.2 
buy -1826 4 1185.0 4.2 -4997.0 
buy 0 0 1464.0 3.4 -4997.6 
buy 0 1 8300.0 0.6 -5000.0 
buy 0 2 1082.0 4.6 -4997.2 
buy 0 3 3112.0 1.6 -4999.2 
buy 0 4 1185.0 4.2 -4997.0 
buy 0 0 1464.0 3.4 -4997.6 
buy 0 1 8300.0 0.6 -5000.0 
buy 0 2 1082.0 4.6 -4997.2 
buy 0 3 3112.0 1.6 -4999.2 
buy 0 4 1185.0 4.2 -4997.0 
buy 0 0 49.0 100.0 -4920.0 
buy 0 1 38.0 130.0 -4960.0 
buy 0 2 12.0 400.0 -4820.0 
buy 0 3 19.0 260.0 -4960.0 
buy 0 4 15.0 330.0 -4970.0 
buy 0 0 49.0 100.0 -4920.0 
buy 0 1 38.0 130.0 -4960.0 
buy 0 2 12.0 400.0 -4820.0 
buy 0 3 19.0 260.0 -4960.0 
buy 0 4 15.0 330.0 -4970.0 
buy 0 0 49.0 100.0 -4920.0 
buy 0 1 38.0 130.0 -4960.0 
buy 0 2 12.0 400.0 -4820.0 
buy 0 3 19.0 260.0 -4960.0 
buy 0 4 15.0 330.0 -4970.0 
buy 0 0 49.0 100.0 -4920.0 
buy 0 1 38.0 130.0 -4960.0 
buy 0 2 12.0 400.0 -4820.0 
buy 0 3 19.0 260.0 -4960.0 
buy 0 4 15.0 330.0 -4970.0 
buy 0 0 49 100.0 -4920.0 
buy 0 1 38 130.0 -4960.0 
buy 0 2 12 400.0 -4820.0 
buy 0 3 19 260.0 -4960.0 
buy 0 4 15 330.0 -4970.0 
buy 0 0 49 100.0 -4920.0 
buy 0 1 38 130.0 -4960.0 
buy 0 2 12 400.0 -4820.0 
buy 0 3 19 260.0 -4960.0 
buy 0 4 15 330.0 -4970.0 
buy 0 0 49 100.0 -4920.0 
buy 0 1 38 130.0 -4960.0 
buy 0 2 12 400.0 -4820.0 
buy 0 3 19 260.0 -4960.0 
buy 0 4 15 330.0 -4970.0 
buy 0 0 49.0 100.0 -4920.0 
buy 0 1 38.0 130.0 -4960.0 
buy 0 2 12.0 400.0 -4820.0 
buy 0 3 19.0 260.0 -4960.0 
buy 0 4 15.0 330.0 -4970.0 
buy 0 0 49.0 100.0 -4920.0 
buy 0 1 38.0 130.0 -4960.0 
buy 0 2 12.0 400.0 -4820.0 
buy 0 3 19.0 260.0 -4960.0 
buy 0 4 15.0 330.0 -4970.0 
buy 0 0 49.0 100.0 -4920.0 
buy 0 1 38.0 130.0 -4960.0 
buy 0 2 12.0 400.0 -4820.0 
buy 0 3 19.0 260.0 -4960.0 
buy 0 4 15.0 330.0 -4970.0 
buy 0 0 49.0 100.0 -4920.0 
buy 0 1 38.0 130.0 -4960.0 
buy 0 2 12.0 400.0 -4820.0 
buy 0 3 19.0 260.0 -4960.0 
buy 0 4 15.0 330.0 -4970.0 
buy 0 0 49.0 100.0 -4920.0 
buy 0 1 38.0 130.0 -4960.0 
buy 0 2 12.0 400.0 -4820.0 
buy 0 3 19.0 260.0 -4960.0 
buy 0 4 15.0 330.0 -4970.0 
buy 0 0 49.0 100.0 -4920.0 
buy 0 1 38.0 130.0 -4960.0 
buy 0 2 12.0 400.0 -4820.0 
buy 0 3 19.0 260.0 -4960.0 
buy 0 4 15.0 330.0 -4970.0 
buy 0 0 49.0 100.0 -4920.0 
buy 0 1 38.0 130.0 -4960.0 
buy 0 2 12.0 400.0 -4820.0 
buy 0 3 19.0 260.0 -4960.0 
buy 0 4 15.0 330.0 -4970.0 
buy 0 0 49.0 100.0 -4920.0 
buy 0 1 38.0 130.0 -4960.0 
buy 0 2 12.0 400.0 -4820.0 
buy 0 3 19.0 260.0 -4960.0 
buy 0 4 15.0 330.0 -4970.0 
buy 0 0 49.0 100.0 -4920.0 
buy 0 1 38.0 130.0 -4960.0 
buy 0 2 12.0 400.0 -4820.0 
buy 0 3 19.0 260.0 -4960.0 
buy 0 4 15.0 330.0 -4970.0 
buy 0 0 49.0 100.0 -4920.0 
buy 0 1 38.0 130.0 -4960.0 
buy 0 2 12.0 400.0 -4820.0 
buy 0 3 19.0 260.0 -4960.0 
buy 0 4 15.0 330.0 -4970.0 
buy 0 0 49.0 100.0 -4920.0 
buy 0 1 38.0 130.0 -4960.0 
buy 0 2 12.0 400.0 -4820.0 
buy 0 3 19.0 260.0 -4960.0 
buy 0 4 15.0 330.0 -4970.0 
buy 0 0 49.0 100.0 -4920.0 
buy 0 1 38.0 130.0 -4960.0 
buy 0 2 12.0 400.0 -4820.0 
buy 0 3 19.0 260.0 -4960.0 
buy 0 4 15.0 330.0 -4970.0 
buy 0 0 49.0 100.0 -4920.0 
buy 0 1 38.0 130.0 -4960.0 
buy 0 2 12.0 400.0 -4820.0 
buy 0 3 19.0 260.0 -4960.0 
buy 0 4 15.0 330.0 -4970.0 
buy 0 0 49.0 100.0 -4920.0 
buy 0 1 38.0 130.0 -4960.0 
buy 0 2 12.0 400.0 -4820.0 
buy 0 3 19.0 260.0 -4960.0 
buy 0 4 15.0 330.0 -4970.0 
buy 0 0 49.0 100.0 -4920.0 
buy 0 1 38.0 130.0 -4960.0 
buy 0 2 12.0 400.0 -4820.0 
buy 0 3 19.0 260.0 -4960.0 
buy 0 4 15.0 330.0 -4970.0 
buy 0 0 49.0 100.0 -4920.0 
buy 0 1 38.0 130.0 -4960.0 
buy 0 2 12.0 400.0 -4820.0 
buy 0 3 19.0 260.0 -4960.0 
buy 0 4 15.0 330.0 -4970.0 
buy 0 0 49.0 100.0 -4920.0 
buy 0 1 38.0 130.0 -4960.0 
buy 0 2 12.0 400.0 -4820.0 
buy 0 3 19.0 260.0 -4960.0 
buy 0 4 15.0 330.0 -4970.0 
buy 0 0 49.0 100.0 -4920.0 
buy 0 1 38.0 130.0 -4960.0 
buy 0 2 12.0 400.0 -4820.0 
buy 0 3 19.0 260.0 -4960.0 
buy 0 4 15.0 330.0 -4970.0 
buy 0 0 49.0 100.0 -4920.0 
buy 0 1 38.0 130.0 -4960.0 
buy 0 2 12.0 400.0 -4820.0 
buy 0 3 19.0 260.0 -4960.0 
buy 0 4 15.0 330.0 -4970.0 
buy 0 0 49.0 100.0 -4920.0 
buy 0 1 38.0 130.0 -4960.0 
buy 0 2 12.0 400.0 -4820.0 
buy 0 3 19.0 260.0 -4960.0 
buy 0 4 15.0 330.0 -4970.0 
buy 0 0 49.0 100.0 -4920.0 
buy 0 1 38.0 130.0 -4960.0 
buy 0 2 12.0 400.0 -4820.0 
buy 0 3 19.0 260.0 -4960.0 
buy 0 4 15.0 330.0 -4970.0 
buy 0 0 49.0 100.0 -4920.0 
buy 0 1 38.0 130.0 -4960.0 
buy 0 2 12.0 400.0 -4820.0 
buy 0 3 19.0 260.0 -4960.0 
buy 0 4 15.0 330.0 -4970.0 
buy 0 0 49.0 100.0 -4920.0 
buy 0 1 38.0 130.0 -4960.0 
buy 0 2 12.0 400.0 -4820.0 
buy 0 3 19.0 260.0 -4960.0 
buy 0 4 15.0 330.0 -4970.0 
buy 0 0 49.0 100.0 -4920.0 
buy 0 1 38.0 130.0 -4960.0 
buy 0 2 12.0 400.0 -4820.0 
buy 0 3 19.0 260.0 -4960.0 
buy 0 4 15.0 330.0 -4970.0 
buy 0 0 49.0 100.0 -4920.0 
buy 0 1 38.0 130.0 -4960.0 
buy 0 2 12.0 400.0 -4820.0 
buy 0 3 19.0 260.0 -4960.0 
buy 0 4 15.0 330.0 -4970.0 
buy 0 0 49.0 100.0 -4920.0 
buy 0 1 38.0 130.0 -4960.0 
buy 0 2 12.0 400.0 -4820.0 
buy 0 3 19.0 260.0 -4960.0 
buy 0 4 15.0 330.0 -4970.0 
buy 0 0 49.0 100.0 -4920.0 
buy 0 1 38.0 130.0 -4960.0 
buy 0 2 12.0 400.0 -4820.0 
buy 0 3 19.0 260.0 -4960.0 
buy 0 4 15.0 330.0 -4970.0 
buy 0 0 49.0 100.0 -4920.0 
buy 0 1 38.0 130.0 -4960.0 
buy 0 2 12.0 400.0 -4820.0 
buy 0 3 19.0 260.0 -4960.0 
buy 0 4 15.0 330.0 -4970.0 
buy 0 0 49.0 100.0 -4920.0 
buy 0 1 38.0 130.0 -4960.0 
buy 0 2 12.0 400.0 -4820.0 
buy 0 3 19.0 260.0 -4960.0 
buy 0 4 15.0 330.0 -4970.0 
buy 0 0 49.0 100.0 -4920.0 
buy 0 1 38.0 130.0 -4960.0 
buy 0 2 12.0 400.0 -4820.0 
buy 0 3 19.0 260.0 -4960.0 
buy 0 4 15.0 330.0 -4970.0 
buy 0 0 49.0 100.0 -4920.0 
buy 0 1 38.0 130.0 -4960.0 
buy 0 2 12.0 400.0 -4820.0 
buy 0 3 19.0 260.0 -4960.0 
buy 0 4 15.0 330.0 -4970.0 
buy 0 0 49.0 100.0 -4920.0 
buy 0 1 38.0 130.0 -4960.0 
buy 0 2 12.0 400.0 -4820.0 
buy 0 3 19.0 260.0 -4960.0 
buy 0 4 15.0 330.0 -4970.0 
