buy 0 0 32.0 154.57 -4966.24 
buy 7 0 53.0 93.84 -4993.52 
buy 14 0 58.0 84.42 -4916.36 
sell 21 0 143.0 79.04 11282.72 
sell 28 0 0 90.63 -20.0 
sell 42 0 0 78.71 -20.0 
sell 49 0 0 74.95 -20.0 
buy 56 0 67.0 73.91 -4971.97 
sell 63 0 67.0 59.15 3943.05 
buy 70 0 75.0 65.73 -4949.75 
buy 119 0 96.0 51.62 -4975.52 
buy 126 0 126.0 39.35 -4978.1 
sell 133 0 297.0 30.49 9035.53 
sell 140 0 0 11.5 -20.0 
sell 147 0 0 17.16 -20.0 
buy 154 0 180.0 27.57 -4982.6 
buy 161 0 142.0 34.92 -4978.64 
buy 175 0 85.0 58.2 -4967.0 
sell 182 0 407.0 56.33 22906.31 
buy 203 0 191.0 25.98 -4982.18 
sell 210 0 191.0 25.55 4860.05 
buy 217 0 183.0 27.2 -4997.6 
buy 224 0 182.0 27.35 -4997.7 
buy 231 0 137.0 36.34 -4998.58 
buy 238 0 163.0 30.55 -4999.65 
buy 245 0 197.0 25.27 -4998.19 
buy 252 0 248.0 20.06 -4994.88 
sell 266 0 1110.0 17.99 19948.9 
sell 273 0 0 21.98 -20.0 
buy 287 0 116.0 42.84 -4989.44 
buy 294 0 107.0 46.42 -4986.94 
buy 308 0 57.0 86.61 -4956.77 
sell 315 0 280.0 82.61 23110.8 
sell 329 0 0 75.82 -20.0 
sell 336 0 0 83.59 -20.0 
sell 343 0 0 89.1 -20.0 
buy 357 0 54.0 91.16 -4942.64 
sell 364 0 54.0 94.82 5100.28 
sell 371 0 0 95.27 -20.0 
sell 385 0 0 87.2 -20.0 
sell 399 0 0 105.97 -20.0 
buy 413 0 43.0 113.44 -4897.92 
sell 420 0 43.0 117.64 5038.52 
sell 434 0 0 129.13 -20.0 
buy 441 0 38.0 128.44 -4900.72 
buy 448 0 39.0 125.67 -4921.13 
buy 455 0 40.0 123.77 -4970.8 
sell 469 0 117.0 111.11 12979.87 
buy 490 0 38.0 129.91 -4956.58 
buy 497 0 35.0 138.66 -4873.1 
buy 504 0 37.0 132.75 -4931.75 
sell 518 0 110.0 117.17 12868.7 
buy 525 0 40.0 123.6 -4964.0 
sell 539 0 40.0 115.53 4601.2 
buy 553 0 37.0 132.62 -4926.94 
sell 574 0 37.0 146.64 5405.68 
buy 581 0 30.0 164.52 -4955.6 
buy 595 0 32.0 154.36 -4959.52 
sell 602 0 62.0 167.52 10366.24 
sell 609 0 0 171.0 -20.0 
sell 616 0 0 169.14 -20.0 
sell 630 0 0 176.69 -20.0 
sell 644 0 0 178.05 -20.0 
sell 651 0 0 155.43 -20.0 
sell 658 0 0 171.21 -20.0 
sell 665 0 0 167.68 -20.0 
sell 672 0 0 164.78 -20.0 
sell 679 0 0 160.86 -20.0 
buy 686 0 31.0 155.63 -4844.53 
sell 693 0 31.0 159.26 4917.06 
buy 707 0 33.0 148.97 -4936.01 
sell 714 0 33.0 131.97 4335.01 
sell 728 0 0 103.59 -20.0 
buy 735 0 44.0 111.54 -4927.76 
buy 742 0 40.0 122.66 -4926.4 
buy 749 0 39.0 124.77 -4886.03 
buy 756 0 39.0 125.01 -4895.39 
sell 770 0 162.0 109.01 17639.62 
sell 777 0 0 89.13 -20.0 
buy 784 0 62.0 79.95 -4976.9 
buy 791 0 54.0 91.66 -4969.64 
buy 805 0 47.0 105.08 -4958.76 
sell 812 0 163.0 101.24 16482.12 
sell 819 0 0 115.45 -20.0 
sell 826 0 0 108.41 -20.0 
sell 833 0 0 111.16 -20.0 
sell 840 0 0 108.5 -20.0 
sell 854 0 0 77.01 -20.0 
buy 875 0 86.0 57.39 -4955.54 
buy 882 0 73.0 68.2 -4998.6 
buy 896 0 56.0 87.67 -4929.52 
buy 903 0 61.0 81.61 -4998.21 
sell 910 0 276.0 77.79 21450.04 
buy 917 0 52.0 95.76 -4999.52 
buy 931 0 59.0 83.87 -4968.33 
buy 938 0 52.0 94.6 -4939.2 
sell 945 0 163.0 93.37 15199.31 
buy 959 0 43.0 113.88 -4916.84 
buy 966 0 42.0 117.44 -4952.48 
sell 973 0 85.0 111.26 9437.1 
buy 980 0 47.0 105.48 -4977.56 
buy 987 0 48.0 101.95 -4913.6 
sell 994 0 95.0 84.71 8027.45 
buy 1008 0 56.0 87.48 -4918.88 
sell 1015 0 56.0 100.64 5615.84 
sell 1036 0 0 132.12 -20.0 
sell 1043 0 0 130.27 -20.0 
buy 1050 0 39.0 126.94 -4970.66 
sell 1064 0 39.0 144.69 5622.91 
sell 1078 0 0 160.67 -20.0 
sell 1085 0 0 158.76 -20.0 
buy 1092 0 29.0 169.44 -4933.76 
sell 1099 0 29.0 165.57 4781.53 
sell 1134 0 0 177.18 -20.0 
buy 1141 0 27.0 178.02 -4826.54 
sell 1169 0 27.0 148.84 3998.68 
buy 1183 0 36.0 135.41 -4894.76 
buy 1190 0 38.0 130.26 -4969.88 
buy 1197 0 35.0 140.63 -4942.05 
buy 1204 0 34.0 143.59 -4902.06 
sell 1211 0 143.0 135.98 19425.14 
buy 1218 0 32.0 151.56 -4869.92 
sell 1225 0 32.0 158.13 5040.16 
sell 1232 0 0 167.6 -20.0 
sell 1239 0 0 180.97 -20.0 
buy 1253 0 28.0 177.36 -4986.08 
buy 1260 0 27.0 180.9 -4904.3 
sell 1267 0 55.0 190.73 10470.15 
buy 1309 0 25.0 192.69 -4837.25 
buy 1316 0 27.0 183.78 -4982.06 
sell 1323 0 52.0 154.26 8001.52 
sell 1330 0 0 146.35 -20.0 
buy 1337 0 40.0 122.22 -4908.8 
sell 1344 0 40.0 131.34 5233.6 
sell 1351 0 0 130.79 -20.0 
sell 1358 0 0 133.34 -20.0 
buy 1372 0 34.0 145.39 -4963.26 
buy 1379 0 37.0 131.79 -4896.23 
sell 1386 0 71.0 129.37 9165.27 
sell 1393 0 0 133.85 -20.0 
buy 1400 0 36.0 137.63 -4974.68 
buy 1414 0 37.0 132.15 -4909.55 
sell 1421 0 73.0 146.28 10658.44 
buy 1428 0 34.0 146.4 -4997.6 
sell 1435 0 34.0 137.13 4642.42 
sell 1442 0 0 129.3 -20.0 
buy 1449 0 36.0 135.03 -4881.08 
buy 1456 0 31.0 156.14 -4860.34 
buy 1463 0 32.0 153.26 -4924.32 
sell 1470 0 99.0 164.06 16221.94 
buy 1477 0 32.0 152.46 -4898.72 
buy 1484 0 32.0 151.73 -4875.36 
buy 1491 0 32.0 151.07 -4854.24 
buy 1505 0 30.0 163.63 -4928.9 
buy 1512 0 32.0 154.02 -4948.64 
buy 1519 0 32.0 154.25 -4956.0 
sell 1526 0 190.0 144.5 27435.0 
sell 1540 0 0 156.92 -20.0 
sell 1547 0 0 153.52 -20.0 
sell 1561 0 0 172.79 -20.0 
buy 1568 0 30.0 162.81 -4904.3 
buy 1582 0 30.0 162.54 -4896.2 
buy 1589 0 33.0 148.02 -4904.66 
buy 1596 0 33.0 148.34 -4915.22 
buy 1603 0 34.0 143.44 -4896.96 
sell 1610 0 160.0 143.78 22984.8 
sell 1617 0 0 146.72 -20.0 
buy 1631 0 33.0 148.16 -4909.28 
sell 1638 0 33.0 143.11 4702.63 
buy 1645 0 34.0 143.85 -4910.9 
sell 1652 0 34.0 160.48 5436.32 
buy 1659 0 32.0 152.25 -4892.0 
buy 1666 0 32.0 151.92 -4881.44 
buy 1680 0 32.0 151.01 -4852.32 
buy 1701 0 34.0 145.78 -4976.52 
sell 1715 0 130.0 183.16 23790.8 
sell 1729 0 0 177.63 -20.0 
sell 1736 0 0 183.18 -20.0 
buy 1764 0 23.0 209.7 -4843.1 
buy 1771 0 23.0 216.2 -4992.6 
buy 1778 0 23.0 208.17 -4807.91 
buy 1785 0 23.0 209.27 -4833.21 
sell 1792 0 92.0 204.2 18766.4 
sell 1799 0 0 213.64 -20.0 
sell 1813 0 0 220.11 -20.0 
buy 1820 0 22.0 224.74 -4964.28 
