buy 0 0 30.0 163.16 -4914.8 
buy 3 0 52.0 94.75 -4947.0 
sell 4 0 82.0 92.26 7545.32 
buy 23 0 71.0 70.09 -4996.39 
buy 24 0 66.0 75.07 -4974.62 
buy 25 0 64.0 77.66 -4990.24 
buy 26 0 62.0 80.05 -4983.1 
sell 27 0 263.0 90.79 23857.77 
buy 33 0 54.0 90.72 -4918.88 
buy 34 0 57.0 87.24 -4992.68 
buy 35 0 59.0 83.83 -4965.97 
buy 36 0 59.0 83.96 -4973.64 
buy 37 0 60.0 81.75 -4925.0 
sell 38 0 289.0 85.86 24793.54 
buy 42 0 63.0 78.71 -4978.73 
buy 43 0 62.0 80.08 -4984.96 
buy 44 0 61.0 80.85 -4951.85 
sell 45 0 186.0 79.16 14703.76 
buy 46 0 65.0 76.15 -4969.75 
buy 47 0 67.0 73.63 -4953.21 
buy 48 0 65.0 76.37 -4984.05 
buy 49 0 66.0 74.95 -4966.7 
buy 50 0 63.0 78.99 -4996.37 
buy 51 0 68.0 72.97 -4981.96 
sell 52 0 394.0 74.41 29297.54 
buy 60 0 78.0 63.11 -4942.58 
buy 61 0 74.0 67.12 -4986.88 
buy 62 0 76.0 65.17 -4972.92 
buy 63 0 84.0 59.15 -4988.6 
buy 64 0 91.0 54.48 -4977.68 
buy 65 0 90.0 55.26 -4993.4 
buy 66 0 84.0 58.94 -4970.96 
buy 67 0 82.0 60.47 -4978.54 
buy 68 0 77.0 63.91 -4941.07 
buy 69 0 75.0 65.68 -4946.0 
buy 70 0 75.0 65.73 -4949.75 
buy 71 0 82.0 60.13 -4950.66 
buy 72 0 83.0 59.85 -4987.55 
buy 73 0 92.0 53.86 -4975.12 
buy 74 0 96.0 51.58 -4971.68 
buy 75 0 95.0 52.37 -4995.15 
buy 76 0 90.0 54.77 -4949.3 
sell 77 0 1424.0 58.16 82799.84 
buy 78 0 92.0 53.93 -4981.56 
buy 79 0 88.0 56.09 -4955.92 
buy 80 0 85.0 58.16 -4963.6 
buy 81 0 93.0 53.15 -4962.95 
buy 82 0 98.0 50.43 -4962.14 
buy 83 0 92.0 54.11 -4998.12 
buy 84 0 99.0 49.89 -4959.11 
buy 85 0 99.0 49.99 -4969.01 
buy 86 0 94.0 52.43 -4948.42 
buy 87 0 92.0 53.67 -4957.64 
buy 88 0 102.0 48.63 -4980.26 
buy 89 0 110.0 45.18 -4989.8 
buy 90 0 93.0 53.07 -4955.51 
buy 91 0 97.0 51.08 -4974.76 
buy 92 0 105.0 47.29 -4985.45 
sell 93 0 1439.0 46.46 66835.94 
buy 97 0 123.0 40.4 -4989.2 
buy 98 0 107.0 46.49 -4994.43 
buy 99 0 93.0 53.11 -4959.23 
sell 100 0 323.0 51.25 16533.75 
buy 110 0 77.0 64.57 -4991.89 
buy 111 0 78.0 63.25 -4953.5 
buy 112 0 72.0 68.68 -4964.96 
sell 113 0 227.0 66.34 15039.18 
buy 114 0 73.0 67.83 -4971.59 
buy 115 0 73.0 68.16 -4995.68 
buy 116 0 75.0 66.27 -4990.25 
buy 117 0 76.0 64.76 -4941.76 
buy 118 0 83.0 59.94 -4995.02 
buy 119 0 96.0 51.62 -4975.52 
sell 120 0 476.0 51.71 24593.96 
buy 149 0 249.0 19.96 -4990.04 
buy 150 0 273.0 18.21 -4991.33 
buy 151 0 243.0 20.43 -4984.49 
sell 152 0 765.0 23.49 17949.85 
buy 156 0 172.0 28.88 -4987.36 
buy 157 0 197.0 25.24 -4992.28 
buy 158 0 201.0 24.69 -4982.69 
sell 159 0 570.0 26.74 15221.8 
buy 175 0 85.0 58.2 -4967.0 
buy 176 0 84.0 59.16 -4989.44 
buy 177 0 93.0 53.3 -4976.9 
buy 178 0 90.0 55.17 -4985.3 
buy 179 0 83.0 59.51 -4959.33 
buy 180 0 83.0 59.64 -4970.12 
buy 181 0 83.0 59.34 -4945.22 
buy 182 0 88.0 56.33 -4977.04 
sell 183 0 689.0 56.6 38977.4 
buy 199 0 141.0 35.09 -4967.69 
buy 200 0 148.0 33.5 -4978.0 
buy 201 0 153.0 32.44 -4983.32 
buy 202 0 160.0 31.07 -4991.2 
buy 203 0 191.0 25.98 -4982.18 
buy 204 0 181.0 27.39 -4977.59 
buy 205 0 204.0 24.37 -4991.48 
sell 206 0 1178.0 29.41 34624.98 
buy 215 0 157.0 31.58 -4978.06 
buy 216 0 176.0 28.15 -4974.4 
buy 217 0 183.0 27.2 -4997.6 
buy 218 0 171.0 29.0 -4979.0 
buy 219 0 177.0 28.1 -4993.7 
sell 220 0 864.0 29.3 25295.2 
buy 222 0 214.0 23.21 -4986.94 
buy 223 0 196.0 25.39 -4996.44 
buy 224 0 182.0 27.35 -4997.7 
buy 225 0 180.0 27.53 -4975.4 
buy 226 0 184.0 27.01 -4989.84 
buy 227 0 165.0 30.18 -4999.7 
buy 228 0 134.0 37.01 -4979.34 
buy 229 0 136.0 36.4 -4970.4 
buy 230 0 142.0 34.94 -4981.48 
buy 231 0 137.0 36.34 -4998.58 
buy 232 0 164.0 30.27 -4984.28 
buy 233 0 152.0 32.6 -4975.2 
buy 234 0 146.0 33.97 -4979.62 
buy 235 0 134.0 36.98 -4975.32 
buy 236 0 148.0 33.43 -4967.64 
buy 237 0 166.0 29.96 -4993.36 
buy 238 0 163.0 30.55 -4999.65 
buy 239 0 175.0 28.35 -4981.25 
buy 240 0 183.0 27.16 -4990.28 
buy 241 0 192.0 25.87 -4987.04 
buy 242 0 181.0 27.39 -4977.59 
buy 243 0 213.0 23.31 -4985.03 
buy 244 0 189.0 26.33 -4996.37 
buy 245 0 197.0 25.27 -4998.19 
buy 246 0 210.0 23.62 -4980.2 
buy 247 0 193.0 25.72 -4983.96 
sell 248 0 4476.0 27.1 121279.6 
buy 255 0 281.0 17.7 -4993.7 
buy 256 0 234.0 21.24 -4990.16 
buy 257 0 429.0 11.6 -4996.4 
sell 258 0 944.0 11.89 11204.16 
buy 266 0 276.0 17.99 -4985.24 
buy 267 0 256.0 19.38 -4981.28 
buy 268 0 215.0 23.11 -4988.65 
buy 269 0 208.0 23.86 -4982.88 
buy 270 0 225.0 22.06 -4983.5 
sell 271 0 1180.0 18.77 22128.6 
buy 281 0 187.0 26.55 -4984.85 
buy 282 0 199.0 25.01 -4996.99 
buy 283 0 230.0 21.61 -4990.3 
buy 284 0 198.0 25.11 -4991.78 
buy 285 0 152.0 32.64 -4981.28 
buy 286 0 137.0 36.1 -4965.7 
sell 287 0 1103.0 42.84 47232.52 
buy 288 0 131.0 37.85 -4978.35 
buy 289 0 134.0 37.0 -4978.0 
buy 290 0 121.0 40.85 -4962.85 
buy 291 0 103.0 48.33 -4997.99 
sell 292 0 489.0 42.84 20928.76 
buy 312 0 60.0 82.89 -4993.4 
buy 313 0 60.0 82.43 -4965.8 
buy 314 0 60.0 82.05 -4943.0 
sell 315 0 180.0 82.61 14849.8 
buy 316 0 63.0 78.04 -4936.52 
buy 317 0 66.0 74.4 -4930.4 
buy 318 0 69.0 72.03 -4990.07 
buy 319 0 65.0 75.63 -4935.95 
buy 320 0 62.0 80.24 -4994.88 
buy 321 0 62.0 80.29 -4997.98 
sell 322 0 387.0 83.37 32244.19 
buy 333 0 60.0 81.71 -4922.6 
buy 334 0 59.0 83.06 -4920.54 
buy 335 0 57.0 86.19 -4932.83 
buy 336 0 59.0 83.59 -4951.81 
buy 337 0 58.0 85.32 -4968.56 
buy 338 0 56.0 88.66 -4984.96 
sell 339 0 349.0 83.97 29285.53 
buy 340 0 57.0 85.97 -4920.29 
buy 341 0 55.0 89.1 -4920.5 
buy 342 0 57.0 87.15 -4987.55 
buy 343 0 55.0 89.1 -4920.5 
buy 344 0 59.0 84.21 -4988.39 
sell 345 0 283.0 82.09 23211.47 
buy 351 0 63.0 78.58 -4970.54 
buy 352 0 60.0 81.7 -4922.0 
buy 353 0 59.0 83.07 -4921.13 
sell 354 0 182.0 87.13 15837.66 
buy 366 0 52.0 95.0 -4960.0 
buy 367 0 51.0 95.83 -4907.33 
buy 368 0 53.0 92.62 -4928.86 
buy 369 0 53.0 92.29 -4911.37 
buy 370 0 53.0 93.83 -4992.99 
sell 371 0 262.0 95.27 24940.74 
buy 377 0 54.0 91.35 -4952.9 
buy 378 0 56.0 87.56 -4923.36 
buy 379 0 60.0 82.34 -4960.4 
buy 380 0 57.0 86.42 -4945.94 
sell 381 0 227.0 83.99 19045.73 
buy 382 0 56.0 88.1 -4953.6 
buy 383 0 54.0 91.08 -4938.32 
buy 384 0 55.0 89.82 -4960.1 
buy 385 0 57.0 87.2 -4990.4 
buy 386 0 56.0 88.82 -4993.92 
sell 387 0 278.0 86.47 24018.66 
buy 401 0 46.0 108.02 -4988.92 
buy 402 0 45.0 110.06 -4972.7 
buy 403 0 44.0 111.05 -4906.2 
sell 404 0 135.0 107.22 14454.7 
buy 413 0 43.0 113.44 -4897.92 
buy 414 0 45.0 110.51 -4992.95 
buy 415 0 45.0 110.34 -4985.3 
buy 416 0 42.0 116.49 -4912.58 
buy 417 0 42.0 116.42 -4909.64 
buy 418 0 44.0 111.51 -4926.44 
sell 419 0 261.0 113.52 29608.72 
buy 423 0 42.0 117.94 -4973.48 
buy 424 0 40.0 123.75 -4970.0 
buy 425 0 39.0 126.68 -4960.52 
buy 426 0 38.0 128.77 -4913.26 
buy 427 0 39.0 125.72 -4923.08 
buy 428 0 39.0 125.28 -4905.92 
buy 429 0 39.0 125.4 -4910.6 
buy 430 0 41.0 120.01 -4940.41 
buy 431 0 38.0 128.77 -4913.26 
sell 432 0 355.0 127.35 45189.25 
buy 446 0 39.0 127.69 -4999.91 
buy 447 0 39.0 126.12 -4938.68 
buy 448 0 39.0 125.67 -4921.13 
buy 449 0 39.0 124.84 -4888.76 
buy 450 0 40.0 123.01 -4940.4 
buy 451 0 40.0 122.11 -4904.4 
sell 452 0 236.0 120.71 28467.56 
buy 458 0 39.0 127.47 -4991.33 
buy 459 0 39.0 125.24 -4904.36 
buy 460 0 39.0 124.76 -4885.64 
buy 461 0 40.0 123.86 -4974.4 
buy 462 0 42.0 117.44 -4952.48 
buy 463 0 42.0 116.69 -4920.98 
sell 464 0 241.0 107.92 25988.72 
buy 470 0 44.0 111.39 -4921.16 
buy 471 0 43.0 114.49 -4943.07 
buy 472 0 41.0 119.87 -4934.67 
buy 473 0 39.0 126.6 -4957.4 
sell 474 0 167.0 130.82 21826.94 
buy 483 0 37.0 132.17 -4910.29 
buy 484 0 38.0 129.09 -4925.42 
buy 485 0 37.0 133.2 -4948.4 
sell 486 0 112.0 133.57 14939.84 
buy 488 0 37.0 132.99 -4940.63 
buy 489 0 37.0 134.39 -4992.43 
buy 490 0 38.0 129.91 -4956.58 
buy 491 0 37.0 132.27 -4913.99 
buy 492 0 37.0 132.8 -4933.6 
buy 493 0 37.0 133.93 -4975.41 
buy 494 0 37.0 134.23 -4986.51 
sell 495 0 260.0 139.82 36333.2 
buy 505 0 38.0 130.67 -4985.46 
buy 506 0 38.0 127.84 -4877.92 
buy 507 0 41.0 121.08 -4984.28 
buy 508 0 40.0 123.29 -4951.6 
buy 509 0 41.0 120.53 -4961.73 
buy 510 0 44.0 113.16 -4999.04 
buy 511 0 43.0 114.35 -4937.05 
buy 512 0 41.0 120.15 -4946.15 
buy 513 0 40.0 122.29 -4911.6 
sell 514 0 366.0 116.12 42479.92 
buy 527 0 38.0 128.9 -4918.2 
buy 528 0 38.0 128.91 -4918.58 
buy 529 0 39.0 127.69 -4999.91 
buy 530 0 40.0 121.92 -4896.8 
sell 531 0 155.0 123.86 19178.3 
buy 532 0 41.0 118.85 -4892.85 
buy 533 0 40.0 121.75 -4890.0 
buy 534 0 41.0 120.89 -4976.49 
buy 535 0 41.0 121.41 -4997.81 
buy 536 0 41.0 119.82 -4932.62 
sell 537 0 204.0 115.92 23627.68 
buy 542 0 44.0 110.83 -4896.52 
buy 543 0 44.0 112.95 -4989.8 
buy 544 0 42.0 116.22 -4901.24 
buy 545 0 40.0 122.8 -4932.0 
sell 546 0 170.0 127.33 21626.1 
buy 561 0 36.0 137.17 -4958.12 
buy 562 0 35.0 142.25 -4998.75 
buy 563 0 34.0 143.39 -4895.26 
buy 564 0 34.0 142.42 -4862.28 
buy 565 0 33.0 147.37 -4883.21 
buy 566 0 34.0 145.07 -4952.38 
sell 567 0 206.0 146.62 30183.72 
buy 572 0 34.0 145.99 -4983.66 
buy 573 0 33.0 148.69 -4926.77 
buy 574 0 33.0 146.64 -4859.12 
buy 575 0 32.0 154.07 -4950.24 
sell 576 0 132.0 159.14 20986.48 
buy 584 0 29.0 170.02 -4950.58 
buy 585 0 29.0 168.5 -4906.5 
buy 586 0 29.0 166.08 -4836.32 
sell 587 0 87.0 162.65 14130.55 
buy 588 0 31.0 159.15 -4953.65 
buy 589 0 31.0 159.52 -4965.12 
buy 590 0 32.0 152.27 -4892.64 
buy 591 0 32.0 154.03 -4948.96 
buy 592 0 33.0 150.7 -4993.1 
buy 593 0 33.0 147.98 -4903.34 
buy 594 0 32.0 151.67 -4873.44 
buy 595 0 32.0 154.36 -4959.52 
sell 596 0 256.0 160.8 41144.8 
buy 598 0 29.0 167.72 -4883.88 
buy 599 0 30.0 163.12 -4913.6 
buy 600 0 29.0 167.02 -4863.58 
sell 601 0 88.0 168.44 14802.72 
buy 625 0 27.0 179.79 -4874.33 
buy 626 0 27.0 180.55 -4894.85 
buy 627 0 27.0 179.91 -4877.57 
buy 628 0 28.0 173.71 -4883.88 
buy 629 0 27.0 180.36 -4889.72 
buy 630 0 28.0 176.69 -4967.32 
buy 631 0 29.0 170.85 -4974.65 
buy 632 0 28.0 171.85 -4831.8 
buy 633 0 29.0 167.33 -4872.57 
buy 634 0 29.0 168.96 -4919.84 
sell 635 0 279.0 164.48 45869.92 
buy 656 0 29.0 168.37 -4902.73 
buy 657 0 29.0 168.0 -4892.0 
buy 658 0 29.0 171.21 -4985.09 
sell 659 0 87.0 172.5 14987.5 
buy 667 0 29.0 166.38 -4845.02 
buy 668 0 30.0 162.81 -4904.3 
buy 669 0 30.0 163.11 -4913.3 
sell 670 0 89.0 165.04 14668.56 
buy 676 0 29.0 166.76 -4856.04 
buy 677 0 31.0 157.73 -4909.63 
buy 678 0 30.0 161.2 -4856.0 
sell 679 0 90.0 160.86 14457.4 
buy 680 0 31.0 159.03 -4949.93 
buy 681 0 31.0 160.21 -4986.51 
buy 682 0 31.0 160.0 -4980.0 
buy 683 0 31.0 155.81 -4850.11 
buy 684 0 31.0 158.53 -4934.43 
buy 685 0 31.0 157.61 -4905.91 
sell 686 0 186.0 155.63 28927.18 
buy 690 0 30.0 163.35 -4920.5 
buy 691 0 30.0 161.8 -4874.0 
buy 692 0 30.0 163.95 -4938.5 
buy 693 0 31.0 159.26 -4957.06 
buy 694 0 30.0 161.81 -4874.3 
buy 695 0 29.0 167.33 -4872.57 
sell 696 0 180.0 168.25 30265.0 
buy 708 0 33.0 148.03 -4904.99 
buy 709 0 33.0 147.24 -4878.92 
buy 710 0 34.0 142.54 -4866.36 
sell 711 0 100.0 137.43 13723.0 
buy 727 0 48.0 102.79 -4953.92 
buy 728 0 48.0 103.59 -4992.32 
buy 729 0 48.0 101.74 -4903.52 
