buy 0 0 25.0 196.01 -4920.21 
buy 0 1 38.0 129.18 -4928.85 
buy 0 2 27.0 181.21 -4912.78 
buy 0 3 30.0 165.61 -4988.42 
buy 0 4 32.0 155.16 -4985.05 
sell 3 0 25.0 176.17 4384.19 
sell 3 1 38.0 102.38 3870.37 
buy 3 2 30.0 162.77 -4903.0 
sell 3 3 30.0 172.62 5158.71 
sell 3 4 32.0 149.96 4778.68 
buy 4 2 30.0 162.04 -4881.24 
buy 5 2 30.0 162.67 -4900.21 
buy 6 0 28.0 176.29 -4956.24 
buy 6 2 31.0 159.85 -4975.24 
buy 7 0 28.0 176.37 -4958.37 
buy 7 1 48.0 103.32 -4979.15 
buy 7 2 30.0 160.92 -4847.58 
buy 7 4 33.0 149.79 -4962.96 
buy 8 0 28.0 176.74 -4968.76 
buy 8 1 47.0 103.83 -4899.87 
buy 8 2 31.0 160.33 -4990.27 
buy 8 3 29.0 170.22 -4956.32 
buy 8 4 33.0 149.79 -4963.12 
sell 9 0 84.0 176.67 14820.51 
buy 9 1 48.0 103.49 -4987.39 
buy 9 2 31.0 160.04 -4981.1 
buy 9 3 29.0 169.75 -4942.84 
buy 9 4 33.0 149.91 -4967.01 
buy 10 1 48.0 103.4 -4983.16 
buy 10 2 30.0 161.59 -4867.72 
buy 10 3 29.0 169.45 -4933.92 
buy 10 4 33.0 149.69 -4959.66 
buy 11 0 28.0 177.59 -4992.38 
buy 11 1 48.0 103.67 -4996.0 
sell 11 2 270.0 158.53 42782.06 
buy 11 3 29.0 169.52 -4936.14 
buy 11 4 33.0 149.65 -4958.42 
buy 12 0 28.0 177.46 -4988.95 
sell 12 1 239.0 103.69 24762.3 
buy 12 3 29.0 169.36 -4931.48 
sell 12 4 165.0 149.52 24650.09 
buy 13 0 28.0 177.73 -4996.55 
buy 13 2 31.0 159.16 -4954.04 
buy 13 3 29.0 169.88 -4946.59 
buy 13 4 33.0 149.67 -4959.08 
buy 14 0 28.0 177.74 -4996.68 
buy 14 2 31.0 158.38 -4929.68 
sell 14 3 174.0 169.86 29535.52 
buy 14 4 33.0 149.88 -4966.09 
buy 15 0 28.0 177.62 -4993.33 
buy 15 2 31.0 159.54 -4965.76 
buy 15 4 33.0 150.07 -4972.19 
sell 16 0 140.0 177.94 24891.26 
buy 16 2 30.0 160.9 -4847.14 
sell 16 4 99.0 150.18 14847.71 
buy 17 2 30.0 161.15 -4854.37 
buy 17 4 33.0 150.27 -4978.75 
buy 18 2 31.0 159.68 -4970.01 
buy 18 3 29.0 169.92 -4947.82 
buy 18 4 33.0 149.95 -4968.23 
buy 19 1 47.0 104.57 -4934.96 
sell 19 2 184.0 158.82 29202.6 
buy 19 3 29.0 169.75 -4942.88 
buy 19 4 33.0 149.99 -4969.51 
buy 20 1 47.0 104.87 -4948.82 
buy 20 3 29.0 169.72 -4941.92 
sell 20 4 99.0 150.14 14843.59 
buy 21 0 27.0 177.91 -4823.7 
buy 21 1 47.0 104.53 -4932.84 
buy 21 3 29.0 169.29 -4929.45 
buy 22 0 28.0 177.78 -4997.8 
buy 22 1 47.0 104.3 -4921.98 
buy 22 3 29.0 169.01 -4921.23 
buy 23 0 27.0 178.21 -4831.54 
sell 23 1 188.0 103.92 19517.4 
buy 23 2 31.0 159.84 -4974.93 
buy 23 3 29.0 169.02 -4921.68 
buy 24 0 27.0 178.27 -4833.24 
buy 24 2 31.0 159.79 -4973.42 
buy 24 3 29.0 168.47 -4905.58 
buy 25 0 27.0 177.92 -4823.95 
buy 25 2 31.0 158.82 -4943.45 
sell 25 3 203.0 168.41 34167.01 
sell 26 0 136.0 178.26 24223.15 
buy 26 2 31.0 158.17 -4923.29 
sell 27 2 124.0 157.29 19483.83 
buy 28 2 31.0 159.13 -4953.0 
buy 29 2 31.0 158.66 -4938.42 
buy 29 3 29.0 167.64 -4881.54 
buy 30 2 31.0 159.04 -4950.29 
buy 30 3 29.0 167.61 -4880.55 
buy 31 1 48.0 102.19 -4925.17 
sell 31 2 93.0 158.39 14710.71 
buy 31 3 29.0 167.58 -4879.96 
buy 32 0 28.0 177.6 -4992.89 
buy 32 1 48.0 102.02 -4916.82 
sell 32 3 87.0 167.45 14547.87 
buy 33 0 28.0 177.65 -4994.29 
buy 33 1 48.0 101.66 -4899.91 
buy 34 0 28.0 177.69 -4995.34 
buy 34 1 49.0 101.26 -4981.65 
buy 35 0 28.0 177.7 -4995.63 
buy 35 1 49.0 101.52 -4994.27 
buy 35 3 29.0 167.32 -4872.42 
buy 36 0 28.0 177.69 -4995.38 
sell 36 1 242.0 101.25 24482.4 
buy 36 3 29.0 167.65 -4881.82 
buy 37 0 28.0 177.49 -4989.8 
buy 37 3 29.0 167.59 -4880.05 
buy 38 0 28.0 177.37 -4986.46 
buy 38 3 29.0 167.75 -4884.8 
buy 39 0 28.0 177.2 -4981.73 
sell 39 3 116.0 167.43 19401.87 
buy 40 0 28.0 177.11 -4978.98 
buy 40 4 33.0 150.11 -4973.56 
sell 41 0 252.0 175.93 44313.99 
buy 41 4 33.0 149.99 -4969.58 
buy 42 0 28.0 175.68 -4938.97 
buy 42 4 33.0 150.06 -4971.83 
buy 43 0 28.0 175.72 -4940.1 
buy 43 3 30.0 165.35 -4980.54 
buy 43 4 33.0 150.12 -4974.01 
buy 44 0 28.0 175.18 -4925.06 
buy 44 3 30.0 165.42 -4982.75 
sell 44 4 132.0 150.25 19812.92 
buy 45 0 28.0 175.42 -4931.69 
buy 45 3 30.0 165.49 -4984.74 
buy 46 0 28.0 175.03 -4920.92 
buy 46 3 30.0 165.07 -4972.14 
sell 47 0 140.0 174.95 24472.52 
buy 47 2 31.0 159.45 -4962.8 
buy 47 3 30.0 165.55 -4986.59 
buy 48 2 31.0 159.73 -4971.64 
buy 48 3 30.0 165.78 -4993.51 
buy 49 2 31.0 160.11 -4983.56 
buy 49 3 30.0 165.82 -4994.45 
buy 50 1 48.0 101.64 -4898.58 
sell 50 2 93.0 158.69 14738.48 
sell 50 3 210.0 165.55 34745.05 
buy 51 1 48.0 101.72 -4902.49 
buy 52 1 49.0 101.47 -4992.21 
buy 53 1 49.0 101.1 -4973.99 
buy 53 4 33.0 149.9 -4966.69 
buy 54 1 49.0 101.22 -4979.86 
buy 54 4 33.0 150.0 -4970.08 
sell 55 1 243.0 101.7 24693.35 
buy 55 3 30.0 164.12 -4943.54 
buy 55 4 33.0 149.77 -4962.54 
buy 56 1 48.0 102.18 -4924.71 
buy 56 3 30.0 164.08 -4942.29 
buy 56 4 33.0 149.71 -4960.38 
buy 57 1 48.0 102.28 -4929.29 
buy 57 3 30.0 164.42 -4952.53 
buy 57 4 33.0 149.61 -4957.26 
buy 58 1 48.0 102.45 -4937.83 
buy 58 3 30.0 164.29 -4948.56 
buy 58 4 33.0 149.74 -4961.53 
sell 59 1 144.0 102.4 14725.04 
buy 59 3 30.0 164.15 -4944.63 
buy 59 4 33.0 150.1 -4973.25 
buy 60 3 30.0 163.93 -4937.92 
buy 60 4 33.0 150.04 -4971.27 
buy 61 3 30.0 164.18 -4945.27 
buy 61 4 33.0 150.12 -4973.92 
buy 62 3 30.0 164.3 -4948.96 
buy 62 4 33.0 150.24 -4978.05 
buy 63 3 30.0 164.5 -4954.97 
buy 63 4 33.0 150.04 -4971.32 
buy 64 0 28.0 173.8 -4886.41 
buy 64 3 30.0 164.43 -4952.84 
buy 64 4 33.0 150.1 -4973.16 
buy 65 0 28.0 174.42 -4903.8 
buy 65 3 30.0 164.26 -4947.77 
buy 65 4 33.0 150.13 -4974.13 
buy 66 0 28.0 174.08 -4894.3 
buy 66 1 49.0 101.52 -4994.69 
sell 66 3 330.0 164.41 54234.65 
buy 66 4 33.0 149.91 -4966.9 
sell 67 0 84.0 173.97 14593.34 
buy 67 1 49.0 101.19 -4978.4 
sell 67 4 462.0 149.82 69197.95 
buy 68 1 49.0 101.48 -4992.64 
buy 69 1 49.0 101.44 -4990.4 
buy 69 2 34.0 146.19 -4990.5 
buy 70 1 49.0 101.41 -4989.0 
buy 70 2 33.0 146.54 -4855.7 
buy 71 1 49.0 101.3 -4983.56 
buy 71 2 33.0 147.26 -4879.49 
buy 72 1 49.0 101.58 -4997.27 
sell 72 2 100.0 144.85 14465.38 
buy 73 1 48.0 101.67 -4900.4 
buy 74 1 49.0 101.48 -4992.6 
buy 74 4 33.0 150.06 -4972.08 
sell 75 1 440.0 101.22 44516.3 
buy 75 4 33.0 150.0 -4969.92 
buy 76 4 33.0 149.9 -4966.77 
buy 77 4 33.0 149.8 -4963.55 
buy 78 3 30.0 164.16 -4944.77 
buy 78 4 33.0 149.77 -4962.56 
buy 79 3 30.0 164.06 -4941.82 
buy 79 4 33.0 149.81 -4963.67 
buy 80 3 30.0 164.12 -4943.68 
buy 80 4 33.0 149.81 -4963.87 
buy 81 1 49.0 101.08 -4972.77 
sell 81 3 90.0 165.2 14848.15 
buy 81 4 33.0 149.95 -4968.33 
buy 82 1 49.0 101.25 -4981.19 
buy 82 4 33.0 149.96 -4968.62 
buy 83 0 28.0 173.77 -4885.61 
buy 83 1 49.0 101.33 -4984.95 
buy 83 4 33.0 149.91 -4967.04 
buy 84 0 28.0 174.24 -4898.61 
buy 84 1 48.0 101.81 -4907.06 
buy 84 4 33.0 150.06 -4972.14 
buy 85 0 28.0 174.18 -4897.18 
buy 85 1 48.0 101.94 -4913.34 
buy 85 3 29.0 169.13 -4924.68 
sell 85 4 363.0 150.14 54480.26 
buy 86 0 28.0 174.2 -4897.71 
buy 86 1 48.0 101.74 -4903.43 
buy 86 3 29.0 170.43 -4962.44 
buy 87 0 28.0 173.42 -4875.82 
buy 87 1 48.0 101.73 -4902.88 
buy 87 2 33.0 150.25 -4978.36 
buy 87 3 29.0 171.38 -4990.05 
buy 88 0 28.0 173.4 -4875.22 
buy 88 1 49.0 101.3 -4983.69 
buy 88 2 32.0 151.67 -4873.57 
buy 88 3 28.0 172.27 -4843.43 
buy 89 0 28.0 172.95 -4862.64 
buy 89 1 49.0 100.76 -4957.45 
buy 89 2 32.0 152.4 -4896.8 
buy 89 3 28.0 173.34 -4873.5 
buy 90 0 28.0 172.59 -4852.43 
buy 90 1 49.0 101.16 -4976.63 
sell 90 2 97.0 154.73 14988.38 
sell 90 3 143.0 174.44 24924.35 
buy 91 0 28.0 172.32 -4844.99 
buy 91 1 49.0 101.48 -4992.31 
buy 92 0 28.0 172.76 -4857.14 
buy 92 1 48.0 101.83 -4907.72 
buy 93 0 28.0 173.02 -4864.44 
buy 93 1 49.0 101.47 -4991.97 
buy 94 0 28.0 172.83 -4859.26 
buy 94 1 48.0 102.05 -4918.57 
buy 95 0 28.0 172.97 -4863.19 
buy 95 1 48.0 103.15 -4971.23 
sell 96 0 364.0 173.16 63010.58 
buy 96 1 48.0 103.7 -4997.58 
buy 96 3 28.0 177.37 -4986.47 
sell 97 1 776.0 104.18 80821.07 
buy 97 3 28.0 177.4 -4987.09 
buy 98 3 28.0 177.32 -4984.85 
buy 99 3 28.0 177.43 -4987.92 
sell 100 3 112.0 177.28 19835.65 
buy 102 2 31.0 160.14 -4984.47 
buy 103 0 29.0 171.52 -4994.19 
buy 103 2 31.0 159.15 -4953.55 
buy 104 0 28.0 171.76 -4829.39 
buy 104 2 31.0 158.74 -4940.97 
buy 104 4 33.0 149.93 -4967.81 
buy 105 0 29.0 171.51 -4993.66 
sell 105 2 93.0 158.72 14741.38 
buy 105 4 33.0 150.02 -4970.81 
buy 106 0 29.0 171.32 -4988.33 
buy 106 2 31.0 157.85 -4913.37 
buy 106 4 33.0 150.23 -4977.63 
buy 107 0 28.0 172.09 -4838.63 
buy 107 1 46.0 106.59 -4923.11 
buy 107 2 31.0 156.07 -4858.26 
buy 107 4 33.0 150.13 -4974.23 
buy 108 0 29.0 171.64 -4997.43 
buy 108 1 46.0 106.82 -4933.77 
buy 108 2 31.0 155.66 -4845.56 
buy 108 4 33.0 150.16 -4975.33 
buy 109 0 29.0 171.56 -4995.33 
buy 109 1 46.0 106.97 -4940.55 
sell 109 2 93.0 157.41 14619.36 
buy 109 4 33.0 150.35 -4981.61 
buy 110 0 28.0 171.78 -4829.92 
buy 110 1 46.0 107.02 -4943.07 
buy 110 4 33.0 150.57 -4988.91 
sell 111 0 229.0 171.34 39216.13 
buy 111 1 46.0 106.34 -4911.71 
buy 111 4 33.0 150.58 -4989.04 
buy 112 1 46.0 106.23 -4906.52 
buy 112 3 28.0 175.88 -4944.56 
sell 112 4 264.0 150.74 39774.38 
buy 113 1 47.0 105.86 -4995.61 
buy 113 3 28.0 175.95 -4946.51 
buy 114 1 47.0 105.79 -4991.99 
buy 114 3 28.0 176.06 -4949.57 
buy 114 4 33.0 150.75 -4994.65 
buy 115 0 29.0 170.7 -4970.28 
buy 115 1 46.0 106.21 -4905.77 
sell 115 3 84.0 175.53 14724.62 
buy 115 4 33.0 150.79 -4996.21 
buy 116 0 29.0 170.98 -4978.48 
buy 116 1 47.0 105.76 -4990.65 
buy 116 3 28.0 175.65 -4938.29 
buy 116 4 32.0 151.02 -4852.59 
buy 117 0 29.0 170.57 -4966.51 
buy 117 1 47.0 105.77 -4991.39 
buy 117 3 28.0 176.06 -4949.64 
sell 117 4 98.0 151.14 14791.51 
buy 118 0 29.0 170.77 -4972.47 
buy 118 1 46.0 106.08 -4899.83 
buy 118 3 28.0 175.92 -4945.87 
buy 119 0 29.0 171.61 -4996.63 
buy 119 1 47.0 105.69 -4987.2 
buy 119 3 28.0 175.87 -4944.42 
buy 119 4 33.0 150.72 -4993.82 
sell 120 0 145.0 171.32 24820.95 
buy 120 1 46.0 105.98 -4895.2 
buy 120 3 28.0 176.44 -4960.19 
buy 120 4 33.0 150.68 -4992.39 
buy 121 1 46.0 106.69 -4927.69 
buy 121 3 28.0 176.54 -4963.25 
buy 121 4 33.0 150.6 -4989.91 
buy 122 1 46.0 106.99 -4941.46 
buy 122 3 28.0 176.17 -4952.67 
sell 122 4 99.0 150.72 14901.06 
buy 123 1 46.0 107.18 -4950.45 
buy 123 3 28.0 176.45 -4960.59 
buy 124 1 46.0 107.78 -4977.67 
buy 124 3 28.0 176.59 -4964.55 
buy 125 0 29.0 170.57 -4966.4 
buy 125 1 46.0 107.51 -4965.53 
buy 125 3 28.0 176.82 -4970.85 
buy 126 0 29.0 170.79 -4972.78 
sell 126 1 879.0 107.81 94741.7 
sell 126 3 280.0 176.68 49451.62 
buy 126 4 33.0 150.57 -4988.78 
buy 127 0 29.0 170.34 -4959.86 
buy 127 2 31.0 156.78 -4880.27 
buy 127 4 33.0 150.44 -4984.49 
buy 128 0 29.0 170.34 -4959.81 
buy 128 2 31.0 156.14 -4860.45 
buy 128 4 33.0 150.51 -4986.92 
buy 129 0 29.0 170.55 -4965.83 
buy 129 2 31.0 156.43 -4869.44 
buy 129 4 33.0 150.57 -4988.69 
buy 130 0 29.0 170.37 -4960.63 
sell 130 2 93.0 156.11 14498.09 
buy 130 4 33.0 150.65 -4991.46 
buy 131 0 29.0 169.74 -4942.57 
sell 131 4 165.0 150.43 24800.79 
sell 132 0 203.0 169.59 34406.24 
buy 136 0 29.0 170.05 -4951.4 
buy 137 0 29.0 170.05 -4951.42 
buy 138 0 29.0 170.17 -4955.03 
sell 139 0 87.0 169.63 14737.8 
buy 144 0 29.0 169.56 -4937.24 
buy 144 2 32.0 153.52 -4932.58 
buy 145 0 29.0 170.07 -4952.06 
buy 145 2 32.0 154.28 -4957.03 
buy 145 4 32.0 151.26 -4860.23 
buy 146 0 29.0 169.87 -4946.36 
buy 146 2 32.0 154.4 -4960.68 
buy 146 4 32.0 151.83 -4878.48 
buy 147 0 29.0 169.87 -4946.22 
buy 147 1 45.0 108.88 -4919.63 
buy 147 2 32.0 153.6 -4935.08 
buy 147 3 28.0 176.96 -4974.84 
buy 147 4 32.0 152.01 -4884.47 
buy 148 0 29.0 169.54 -4936.64 
buy 148 1 45.0 108.69 -4911.21 
buy 148 2 32.0 153.41 -4929.16 
buy 148 3 28.0 176.85 -4971.88 
buy 148 4 32.0 152.43 -4897.67 
buy 149 0 29.0 169.94 -4948.13 
buy 149 1 45.0 108.27 -4892.3 
sell 149 2 160.0 153.53 24544.95 
buy 149 3 28.0 176.93 -4974.05 
buy 149 4 32.0 152.95 -4914.5 
buy 150 0 29.0 169.53 -4936.38 
buy 150 1 46.0 108.04 -4989.64 
buy 150 3 28.0 177.49 -4989.72 
buy 150 4 32.0 153.13 -4920.09 
sell 151 0 203.0 169.81 34452.11 
buy 151 1 46.0 108.08 -4991.55 
buy 151 3 28.0 177.36 -4985.96 
buy 151 4 32.0 153.57 -4934.37 
buy 152 1 46.0 107.88 -4982.38 
buy 152 3 28.0 177.29 -4984.16 
buy 152 4 32.0 153.51 -4932.42 
buy 153 1 46.0 107.9 -4983.45 
buy 153 3 28.0 177.4 -4987.26 
sell 153 4 256.0 153.41 39253.24 
buy 154 0 29.0 169.08 -4923.43 
sell 154 1 319.0 108.1 34465.21 
buy 154 2 32.0 152.2 -4890.51 
buy 154 3 28.0 176.87 -4972.25 
buy 155 0 29.0 169.34 -4930.98 
buy 155 2 32.0 152.33 -4894.52 
buy 155 3 28.0 176.37 -4958.25 
buy 156 0 29.0 170.12 -4953.35 
buy 156 2 32.0 152.94 -4914.05 
buy 156 3 28.0 176.52 -4962.45 
sell 157 0 87.0 170.12 14780.5 
buy 157 2 32.0 150.98 -4851.28 
buy 157 3 28.0 176.65 -4966.08 
buy 157 4 32.0 153.2 -4922.37 
buy 158 2 32.0 151.39 -4864.63 
buy 158 3 28.0 176.6 -4964.78 
buy 158 4 32.0 152.73 -4907.3 
buy 159 2 32.0 151.83 -4878.7 
buy 159 3 28.0 176.45 -4960.58 
buy 159 4 32.0 152.85 -4911.05 
sell 160 2 192.0 150.79 28932.54 
buy 160 3 28.0 176.15 -4952.11 
buy 160 4 32.0 152.81 -4909.78 
buy 161 3 28.0 175.81 -4942.72 
sell 161 4 128.0 152.84 19543.58 
buy 162 3 28.0 175.48 -4933.55 
sell 163 3 448.0 175.55 78625.56 
buy 163 4 32.0 152.86 -4911.37 
buy 164 2 33.0 150.46 -4985.21 
buy 164 4 32.0 153.11 -4919.48 
buy 165 2 32.0 151.79 -4877.27 
buy 165 4 32.0 153.27 -4924.56 
buy 166 2 32.0 152.3 -4893.59 
buy 166 4 32.0 153.27 -4924.63 
buy 167 0 29.0 171.06 -4980.78 
buy 167 2 32.0 152.76 -4908.42 
buy 167 4 32.0 153.07 -4918.38 
buy 168 0 29.0 171.22 -4985.31 
sell 168 2 129.0 153.0 19717.29 
buy 168 4 32.0 153.22 -4922.89 
buy 169 0 29.0 171.14 -4983.18 
buy 169 2 32.0 151.53 -4868.92 
sell 169 4 192.0 153.47 29446.71 
buy 170 0 29.0 171.37 -4989.71 
buy 170 2 32.0 151.46 -4866.59 
buy 171 0 29.0 171.54 -4994.56 
buy 171 2 32.0 151.7 -4874.26 
buy 172 0 29.0 170.92 -4976.71 
buy 172 2 33.0 150.17 -4975.63 
buy 172 3 28.0 175.97 -4947.15 
buy 173 0 29.0 170.77 -4972.31 
buy 173 2 32.0 151.49 -4867.71 
buy 173 3 28.0 175.81 -4942.67 
buy 174 0 29.0 171.38 -4990.13 
buy 174 2 33.0 150.82 -4996.93 
buy 174 3 28.0 175.46 -4932.84 
sell 175 0 232.0 171.78 39832.24 
buy 175 1 45.0 109.65 -4954.16 
buy 175 2 33.0 149.12 -4940.87 
buy 175 3 28.0 175.09 -4922.52 
buy 176 1 45.0 109.64 -4953.68 
buy 176 2 33.0 147.35 -4882.57 
sell 176 3 112.0 175.11 19591.81 
buy 177 1 45.0 109.54 -4949.09 
buy 177 2 33.0 149.05 -4938.81 
buy 177 4 32.0 153.54 -4933.16 
sell 178 1 135.0 109.7 14789.43 
buy 178 2 33.0 149.28 -4946.27 
buy 178 4 32.0 153.49 -4931.8 
buy 179 2 33.0 147.15 -4875.93 
buy 179 4 32.0 153.65 -4936.68 
buy 180 2 33.0 148.04 -4905.37 
buy 180 4 32.0 153.45 -4930.55 
buy 181 2 33.0 147.83 -4898.36 
buy 181 4 32.0 153.51 -4932.38 
buy 182 2 33.0 148.87 -4932.78 
buy 182 4 32.0 153.41 -4929.12 
buy 183 2 33.0 148.9 -4933.57 
buy 183 4 32.0 153.29 -4925.19 
buy 184 2 33.0 148.13 -4908.21 
sell 184 4 224.0 153.4 34340.9 
buy 185 2 33.0 148.01 -4904.39 
buy 185 4 32.0 153.67 -4937.52 
buy 186 2 34.0 146.34 -4995.71 
buy 186 3 27.0 178.15 -4830.01 
buy 186 4 32.0 153.6 -4935.07 
buy 187 1 45.0 109.03 -4926.51 
buy 187 2 34.0 145.27 -4959.08 
buy 187 3 27.0 178.34 -4835.18 
buy 187 4 32.0 153.45 -4930.38 
buy 188 1 45.0 108.6 -4906.9 
sell 188 2 625.0 144.34 90195.49 
buy 188 3 27.0 178.71 -4845.27 
sell 188 4 96.0 153.18 14685.06 
buy 189 1 45.0 108.5 -4902.42 
buy 189 3 27.0 178.42 -4837.32 
buy 190 1 46.0 108.24 -4998.98 
buy 190 3 27.0 178.52 -4840.14 
buy 191 1 46.0 108.07 -4991.43 
buy 191 3 27.0 178.68 -4844.47 
buy 192 1 45.0 108.6 -4906.99 
sell 192 3 162.0 178.55 28905.36 
buy 193 1 46.0 107.93 -4984.85 
buy 194 1 46.0 107.78 -4977.97 
buy 194 4 32.0 153.68 -4937.63 
sell 195 1 364.0 108.18 39357.07 
buy 195 4 32.0 153.63 -4936.2 
buy 196 1 45.0 108.36 -4896.24 
buy 196 4 32.0 153.61 -4935.67 
buy 197 1 45.0 108.52 -4903.32 
sell 197 4 96.0 153.41 14707.28 
buy 198 1 45.0 108.54 -4904.35 
buy 198 2 36.0 138.28 -4998.26 
buy 199 1 45.0 108.7 -4911.28 
buy 199 2 36.0 138.05 -4989.82 
buy 200 1 45.0 108.47 -4901.16 
buy 200 2 36.0 136.43 -4931.55 
buy 201 1 46.0 107.85 -4980.89 
buy 201 2 36.0 136.54 -4935.43 
buy 202 1 46.0 108.09 -4992.08 
buy 202 2 36.0 136.4 -4930.51 
sell 203 1 317.0 108.37 34332.43 
buy 203 2 36.0 136.98 -4951.13 
buy 204 2 36.0 138.05 -4989.7 
buy 205 2 36.0 136.8 -4944.9 
sell 206 2 288.0 136.89 39403.44 
buy 207 1 45.0 108.93 -4921.89 
buy 208 1 45.0 108.8 -4916.05 
buy 209 1 45.0 109.13 -4930.92 
buy 209 3 27.0 179.09 -4855.56 
sell 210 1 135.0 109.1 14708.31 
buy 210 2 35.0 139.5 -4902.34 
buy 210 3 27.0 179.61 -4869.43 
buy 211 2 35.0 140.0 -4919.93 
buy 211 3 27.0 179.13 -4856.51 
buy 212 0 29.0 170.73 -4971.3 
buy 212 2 35.0 138.89 -4880.98 
buy 212 3 27.0 179.0 -4852.91 
buy 213 0 29.0 170.97 -4978.05 
sell 213 2 105.0 138.47 14519.25 
buy 213 3 27.0 178.92 -4850.88 
buy 214 0 29.0 171.64 -4997.45 
buy 214 2 35.0 139.45 -4900.72 
buy 214 3 27.0 178.73 -4845.84 
sell 215 0 87.0 171.96 14940.71 
buy 215 2 35.0 142.01 -4990.21 
buy 215 3 27.0 178.56 -4841.19 
buy 216 2 35.0 141.72 -4980.32 
sell 216 3 189.0 179.15 33840.16 
buy 217 2 35.0 139.84 -4914.35 
buy 218 2 35.0 139.96 -4918.55 
buy 219 0 28.0 172.17 -4840.8 
buy 219 2 35.0 140.78 -4947.41 
buy 220 0 28.0 172.1 -4838.74 
sell 220 2 210.0 141.72 29742.14 
buy 221 0 28.0 172.08 -4838.3 
buy 221 2 35.0 141.2 -4961.98 
buy 221 3 27.0 178.45 -4838.17 
buy 222 0 28.0 171.9 -4833.13 
buy 222 1 45.0 108.9 -4920.57 
buy 222 2 35.0 140.33 -4931.54 
buy 222 3 27.0 178.0 -4825.88 
buy 223 0 29.0 170.57 -4966.61 
buy 223 1 45.0 109.37 -4941.7 
buy 223 2 35.0 139.27 -4894.28 
buy 223 3 27.0 178.16 -4830.32 
sell 224 0 141.0 170.64 24039.66 
buy 224 1 45.0 109.79 -4960.55 
buy 224 2 35.0 139.47 -4901.38 
buy 224 3 27.0 178.09 -4828.44 
buy 225 1 45.0 109.96 -4968.35 
sell 225 2 140.0 140.41 19637.3 
buy 225 3 28.0 177.85 -4999.76 
sell 226 1 180.0 109.83 19749.3 
buy 226 2 35.0 140.37 -4932.82 
buy 226 3 27.0 177.93 -4824.17 
buy 227 2 35.0 140.3 -4930.58 
buy 227 3 28.0 177.79 -4998.23 
buy 228 2 35.0 141.27 -4964.52 
buy 228 3 28.0 177.59 -4992.48 
buy 228 4 32.0 152.38 -4896.25 
buy 229 0 28.0 172.19 -4841.31 
buy 229 2 35.0 138.98 -4884.31 
buy 229 3 28.0 177.59 -4992.46 
buy 229 4 32.0 152.32 -4894.36 
buy 230 0 29.0 171.53 -4994.51 
sell 230 2 140.0 140.53 19653.86 
sell 230 3 247.0 177.19 43745.93 
buy 230 4 32.0 152.4 -4896.9 
buy 231 0 29.0 171.44 -4991.82 
buy 231 4 32.0 152.42 -4897.57 
buy 232 0 29.0 171.35 -4989.14 
buy 232 4 32.0 152.52 -4900.75 
buy 233 0 29.0 170.28 -4958.15 
buy 233 4 32.0 152.71 -4906.84 
buy 234 0 29.0 170.17 -4955.04 
buy 234 4 32.0 152.88 -4912.01 
buy 235 0 29.0 169.27 -4928.76 
sell 235 4 224.0 152.84 34216.47 
buy 236 0 29.0 168.24 -4898.87 
buy 237 0 29.0 168.2 -4897.78 
buy 237 1 42.0 115.97 -4890.55 
sell 238 0 260.0 167.85 43621.39 
buy 238 1 43.0 115.4 -4982.4 
buy 239 1 43.0 115.71 -4995.71 
buy 240 1 43.0 115.29 -4977.42 
buy 240 2 35.0 139.88 -4915.65 
buy 241 1 43.0 115.59 -4990.32 
buy 241 2 35.0 140.18 -4926.39 
buy 241 4 32.0 153.62 -4935.8 
buy 242 0 29.0 166.13 -4837.89 
buy 242 1 43.0 115.21 -4974.12 
buy 242 2 35.0 138.76 -4876.49 
buy 242 3 28.0 176.73 -4968.5 
buy 242 4 32.0 153.77 -4940.69 
buy 243 0 30.0 165.98 -4999.47 
buy 243 1 43.0 115.53 -4987.61 
sell 243 2 105.0 139.36 14613.25 
buy 243 3 28.0 177.05 -4977.42 
buy 243 4 32.0 153.8 -4941.61 
buy 244 0 29.0 166.01 -4834.22 
buy 244 1 43.0 115.15 -4971.32 
buy 244 3 28.0 177.17 -4980.64 
buy 244 4 32.0 153.77 -4940.68 
buy 245 0 30.0 165.88 -4996.37 
buy 245 1 43.0 114.88 -4959.81 
buy 245 3 28.0 176.92 -4973.75 
buy 245 4 32.0 153.91 -4945.27 
buy 246 0 29.0 166.35 -4844.14 
buy 246 1 43.0 113.98 -4920.94 
buy 246 3 28.0 176.7 -4967.53 
sell 246 4 160.0 153.78 24585.09 
sell 247 0 147.0 166.12 24399.9 
sell 247 1 429.0 113.25 48563.78 
sell 247 3 140.0 176.74 24723.7 
buy 249 3 28.0 176.57 -4964.08 
buy 250 3 28.0 176.58 -4964.14 
buy 251 3 28.0 176.45 -4960.53 
buy 252 3 28.0 175.92 -4945.64 
buy 253 3 28.0 176.11 -4951.05 
buy 253 4 32.0 154.02 -4948.74 
buy 254 3 28.0 175.68 -4939.11 
buy 254 4 32.0 154.28 -4957.08 
sell 255 3 168.0 175.89 29529.31 
buy 255 4 32.0 154.17 -4953.42 
buy 256 0 30.0 165.72 -4991.51 
buy 256 4 32.0 154.05 -4949.73 
buy 257 0 30.0 165.11 -4973.33 
buy 257 1 44.0 112.62 -4975.4 
buy 257 4 32.0 154.19 -4953.94 
buy 258 0 30.0 165.28 -4978.34 
buy 258 1 44.0 112.34 -4962.75 
sell 258 4 160.0 154.34 24674.67 
buy 259 0 30.0 165.01 -4970.23 
buy 259 1 44.0 113.1 -4996.53 
buy 260 0 30.0 164.65 -4959.56 
buy 260 1 44.0 112.7 -4978.83 
buy 260 3 28.0 174.85 -4915.72 
buy 260 4 32.0 154.28 -4957.0 
sell 261 0 150.0 164.76 24694.62 
buy 261 1 44.0 112.67 -4977.57 
buy 261 3 28.0 175.1 -4922.83 
buy 261 4 32.0 154.28 -4956.85 
sell 262 1 220.0 112.76 24787.52 
buy 262 3 28.0 175.14 -4923.95 
buy 262 4 32.0 154.27 -4956.62 
buy 263 0 30.0 164.32 -4949.49 
buy 263 3 28.0 175.34 -4929.49 
sell 263 4 96.0 154.09 14772.58 
buy 264 0 30.0 164.64 -4959.08 
sell 264 3 112.0 175.47 19633.11 
buy 265 0 30.0 164.45 -4953.49 
buy 266 0 30.0 164.6 -4958.01 
buy 266 2 34.0 145.08 -4952.6 
sell 267 0 120.0 164.15 19678.2 
buy 267 2 34.0 146.39 -4997.38 
buy 268 2 33.0 147.48 -4886.74 
buy 269 2 33.0 146.57 -4856.82 
buy 270 2 34.0 143.64 -4903.68 
buy 271 2 34.0 142.57 -4867.24 
buy 272 1 44.0 111.77 -4937.87 
buy 272 2 35.0 141.68 -4978.81 
buy 272 3 28.0 174.85 -4915.84 
buy 273 1 44.0 112.14 -4954.21 
buy 273 2 35.0 141.67 -4978.42 
buy 273 3 28.0 174.17 -4896.79 
buy 274 1 44.0 112.32 -4962.13 
buy 274 2 35.0 140.63 -4941.89 
buy 274 3 28.0 174.4 -4903.29 
buy 275 1 44.0 112.25 -4958.78 
buy 275 2 35.0 140.35 -4932.11 
sell 275 3 84.0 174.7 14654.75 
buy 276 1 44.0 111.45 -4923.75 
buy 276 2 35.0 141.53 -4973.67 
sell 277 1 220.0 111.66 24546.11 
buy 277 2 35.0 141.32 -4966.19 
sell 278 2 412.0 141.99 58480.31 
buy 282 3 28.0 173.89 -4888.86 
buy 283 3 28.0 173.85 -4887.74 
buy 284 1 44.0 111.67 -4933.47 
buy 284 3 28.0 173.59 -4880.6 
buy 284 4 32.0 153.83 -4942.48 
buy 285 0 30.0 163.38 -4921.35 
buy 285 1 44.0 112.34 -4963.03 
buy 285 2 35.0 141.07 -4957.41 
buy 285 3 28.0 173.57 -4879.9 
buy 285 4 32.0 153.93 -4945.83 
buy 286 0 30.0 163.43 -4922.78 
buy 286 1 44.0 112.69 -4978.38 
buy 286 2 35.0 140.84 -4949.51 
buy 286 3 28.0 173.89 -4888.79 
buy 286 4 32.0 154.09 -4950.95 
buy 287 0 30.0 163.08 -4912.34 
buy 287 1 44.0 112.77 -4981.76 
buy 287 2 35.0 141.2 -4961.92 
buy 287 3 28.0 173.69 -4883.45 
buy 287 4 32.0 154.02 -4948.71 
sell 288 0 90.0 162.9 14641.3 
buy 288 1 43.0 113.38 -4895.38 
sell 288 2 105.0 141.74 14863.08 
buy 288 3 28.0 173.56 -4879.77 
buy 288 4 32.0 154.14 -4952.41 
buy 289 1 43.0 113.29 -4891.44 
buy 289 3 28.0 173.48 -4877.49 
buy 289 4 32.0 154.15 -4952.8 
buy 290 1 43.0 113.4 -4896.15 
buy 290 3 28.0 173.51 -4878.35 
buy 290 4 32.0 154.11 -4951.43 
buy 291 1 43.0 113.59 -4904.23 
buy 291 3 28.0 173.92 -4889.62 
buy 291 4 32.0 154.26 -4956.35 
buy 292 1 43.0 113.85 -4915.59 
buy 292 3 28.0 173.75 -4884.97 
buy 292 4 32.0 154.22 -4955.12 
buy 293 1 43.0 113.38 -4895.32 
sell 293 3 308.0 173.68 53472.09 
buy 293 4 32.0 154.17 -4953.4 
buy 294 1 43.0 113.46 -4898.6 
buy 294 2 34.0 142.71 -4872.05 
buy 294 4 32.0 154.14 -4952.34 
buy 295 1 43.0 114.12 -4927.06 
buy 295 2 35.0 140.74 -4945.76 
sell 295 4 352.0 154.25 54274.61 
buy 296 1 43.0 114.47 -4942.08 
buy 296 2 35.0 139.36 -4897.45 
buy 297 0 30.0 162.79 -4903.85 
buy 297 1 43.0 114.56 -4946.23 
buy 297 2 35.0 138.92 -4882.04 
buy 298 0 30.0 162.64 -4899.21 
buy 298 1 43.0 114.44 -4940.94 
buy 298 2 36.0 137.96 -4986.49 
buy 299 0 30.0 162.4 -4891.99 
buy 299 1 43.0 114.93 -4961.84 
buy 299 2 36.0 138.15 -4993.31 
buy 299 3 28.0 174.65 -4910.14 
buy 300 0 30.0 161.86 -4875.91 
buy 300 1 43.0 114.43 -4940.5 
buy 300 2 36.0 137.54 -4971.32 
buy 300 3 28.0 174.54 -4907.06 
buy 301 0 30.0 162.05 -4881.48 
buy 301 1 43.0 113.98 -4920.95 
buy 301 2 36.0 137.84 -4982.37 
buy 301 3 28.0 174.2 -4897.51 
buy 302 0 30.0 162.02 -4880.46 
buy 302 1 43.0 114.01 -4922.39 
buy 302 2 36.0 135.19 -4886.76 
sell 302 3 84.0 174.36 14626.47 
sell 303 0 180.0 161.96 29131.92 
buy 303 1 43.0 113.94 -4919.23 
buy 303 2 36.0 134.96 -4878.49 
buy 304 1 43.0 114.15 -4928.59 
buy 304 2 36.0 134.97 -4878.77 
sell 305 1 907.0 114.0 103380.68 
sell 305 2 391.0 134.42 52536.63 
buy 307 3 28.0 174.15 -4896.16 
buy 308 3 28.0 174.27 -4899.69 
buy 309 2 37.0 134.35 -4990.8 
buy 309 3 28.0 173.9 -4889.12 
buy 309 4 32.0 154.81 -4973.95 
buy 310 2 36.0 137.09 -4955.24 
buy 310 3 28.0 173.64 -4882.0 
buy 310 4 32.0 154.88 -4976.13 
buy 311 0 30.0 161.89 -4876.72 
buy 311 1 43.0 113.79 -4912.83 
buy 311 2 36.0 137.75 -4979.1 
buy 311 3 28.0 173.36 -4874.21 
buy 311 4 32.0 154.79 -4973.36 
buy 312 0 30.0 161.78 -4873.29 
buy 312 1 43.0 113.54 -4902.07 
buy 312 2 36.0 136.9 -4948.41 
buy 312 3 28.0 173.27 -4871.49 
buy 312 4 32.0 154.88 -4976.09 
buy 313 0 30.0 162.24 -4887.27 
buy 313 1 43.0 113.62 -4905.55 
buy 313 2 35.0 138.55 -4869.41 
sell 313 3 168.0 173.31 29095.58 
buy 313 4 32.0 154.67 -4969.39 
buy 314 0 30.0 161.98 -4879.47 
sell 314 1 129.0 113.33 14599.3 
buy 314 2 35.0 139.19 -4891.63 
buy 314 4 32.0 154.62 -4967.9 
buy 315 0 30.0 161.73 -4872.0 
sell 315 2 215.0 136.71 29371.83 
buy 315 4 32.0 154.75 -4972.06 
sell 316 0 150.0 161.87 24260.14 
buy 316 4 32.0 154.66 -4969.06 
buy 317 4 32.0 154.45 -4962.45 
buy 318 4 32.0 154.52 -4964.71 
buy 319 4 32.0 154.52 -4964.78 
buy 320 4 32.0 154.45 -4962.29 
buy 321 4 32.0 154.18 -4953.91 
buy 322 1 43.0 114.65 -4950.09 
buy 322 4 32.0 154.14 -4952.48 
buy 323 1 43.0 115.01 -4965.32 
buy 323 3 28.0 173.15 -4868.17 
buy 323 4 32.0 154.23 -4955.22 
buy 324 1 43.0 115.4 -4982.16 
buy 324 3 28.0 173.38 -4874.6 
buy 324 4 32.0 154.3 -4957.55 
buy 325 1 43.0 115.39 -4981.61 
buy 325 3 28.0 173.12 -4867.31 
buy 325 4 32.0 154.17 -4953.48 
buy 326 0 30.0 163.24 -4917.17 
buy 326 1 43.0 115.69 -4994.65 
sell 326 3 84.0 173.03 14514.81 
buy 326 4 32.0 153.83 -4942.41 
buy 327 0 30.0 163.56 -4926.84 
sell 327 1 215.0 115.1 24726.86 
buy 327 4 32.0 153.95 -4946.44 
buy 328 0 30.0 163.36 -4920.9 
buy 328 2 36.0 136.84 -4946.15 
sell 328 4 608.0 153.82 93500.32 
sell 329 0 90.0 163.46 14691.45 
buy 329 2 36.0 136.83 -4945.86 
buy 330 2 36.0 137.78 -4980.24 
buy 331 2 36.0 138.15 -4993.53 
sell 332 2 144.0 138.46 19918.77 
buy 334 4 32.0 154.01 -4948.4 
buy 335 4 32.0 153.87 -4943.83 
buy 336 4 32.0 154.0 -4947.86 
buy 337 4 32.0 154.04 -4949.2 
buy 338 3 28.0 173.23 -4870.46 
buy 338 4 32.0 154.2 -4954.35 
buy 339 3 28.0 173.18 -4868.9 
buy 339 4 32.0 154.28 -4957.11 
buy 340 3 28.0 173.11 -4867.16 
buy 340 4 32.0 154.39 -4960.5 
sell 341 3 84.0 173.15 14524.19 
buy 341 4 32.0 154.67 -4969.39 
buy 342 0 30.0 163.23 -4917.02 
buy 342 2 35.0 138.49 -4867.16 
buy 342 4 32.0 154.55 -4965.59 
buy 343 0 30.0 162.93 -4908.01 
buy 343 2 35.0 139.08 -4887.97 
buy 343 4 32.0 154.54 -4965.24 
buy 344 0 30.0 162.95 -4908.4 
buy 344 2 35.0 140.28 -4929.76 
buy 344 4 32.0 154.55 -4965.51 
buy 345 0 30.0 162.63 -4898.87 
buy 345 2 35.0 141.13 -4959.63 
buy 345 4 32.0 154.72 -4971.09 
sell 346 0 120.0 162.38 19465.28 
buy 346 2 35.0 141.4 -4969.08 
buy 346 4 32.0 154.61 -4967.57 
buy 347 1 43.0 114.04 -4923.67 
sell 347 2 175.0 140.43 24555.34 
buy 347 4 32.0 154.44 -4962.04 
buy 348 1 43.0 113.74 -4910.67 
buy 348 4 32.0 154.58 -4966.44 
buy 349 1 43.0 113.71 -4909.59 
sell 349 4 480.0 154.69 74230.02 
buy 350 1 43.0 113.6 -4904.9 
buy 350 3 28.0 173.07 -4865.83 
buy 351 1 43.0 113.2 -4887.54 
buy 351 3 28.0 172.95 -4862.68 
sell 352 1 215.0 113.1 24296.22 
buy 352 3 28.0 172.93 -4862.03 
buy 353 3 28.0 172.84 -4859.52 
buy 354 3 28.0 172.95 -4862.48 
buy 355 3 28.0 172.67 -4854.63 
buy 356 3 28.0 172.37 -4846.3 
buy 357 1 44.0 112.74 -4980.52 
buy 357 2 34.0 145.71 -4974.22 
buy 357 3 28.0 172.47 -4849.22 
buy 358 1 44.0 112.46 -4968.06 
buy 358 2 33.0 147.36 -4882.73 
buy 358 3 28.0 172.41 -4847.54 
buy 358 4 32.0 154.57 -4966.38 
buy 359 1 44.0 112.64 -4976.33 
buy 359 2 33.0 148.55 -4922.29 
buy 359 3 28.0 172.11 -4839.18 
buy 359 4 32.0 154.62 -4967.78 
buy 360 1 44.0 113.17 -4999.42 
buy 360 2 33.0 149.73 -4961.0 
sell 360 3 280.0 172.02 48145.23 
buy 360 4 32.0 154.65 -4968.72 
buy 361 0 30.0 161.84 -4875.21 
buy 361 1 44.0 112.92 -4988.55 
buy 361 2 33.0 150.14 -4974.6 
sell 361 4 96.0 154.5 14812.2 
buy 362 0 30.0 161.55 -4866.43 
buy 362 1 44.0 112.86 -4985.64 
buy 362 2 33.0 150.75 -4994.77 
buy 363 0 30.0 161.76 -4872.89 
buy 363 1 44.0 113.0 -4991.83 
sell 363 2 199.0 149.9 29809.97 
sell 364 0 90.0 161.48 14512.88 
buy 364 1 44.0 113.01 -4992.27 
sell 365 1 352.0 113.35 39879.43 
buy 365 3 28.0 172.11 -4839.18 
buy 366 3 28.0 172.13 -4839.65 
buy 367 3 28.0 172.49 -4849.73 
sell 368 3 84.0 172.0 14427.77 
buy 370 3 29.0 171.11 -4982.12 
buy 370 4 32.0 153.88 -4944.17 
buy 371 3 29.0 170.93 -4976.99 
buy 371 4 32.0 153.95 -4946.31 
buy 372 3 29.0 170.88 -4975.66 
buy 372 4 32.0 153.97 -4947.11 
sell 373 3 87.0 170.9 14848.03 
buy 373 4 32.0 154.0 -4947.93 
buy 374 4 32.0 153.79 -4941.28 
buy 375 4 32.0 154.03 -4949.04 
buy 376 4 32.0 154.1 -4951.17 
buy 377 1 44.0 112.1 -4952.26 
buy 377 2 33.0 148.84 -4931.74 
sell 377 4 224.0 154.22 34524.83 
buy 378 1 44.0 111.99 -4947.68 
buy 378 2 33.0 150.19 -4976.23 
buy 379 0 30.0 163.33 -4919.95 
buy 379 1 44.0 111.91 -4944.1 
buy 379 2 33.0 150.62 -4990.5 
buy 379 3 29.0 170.82 -4973.92 
buy 380 0 30.0 163.81 -4934.36 
buy 380 1 44.0 111.21 -4913.1 
sell 380 2 99.0 151.09 14937.75 
buy 380 3 29.0 170.16 -4954.67 
buy 381 0 30.0 163.64 -4929.13 
sell 381 1 176.0 111.65 19630.46 
buy 381 3 29.0 170.35 -4960.24 
buy 382 0 30.0 164.22 -4946.65 
buy 382 3 29.0 170.39 -4961.45 
buy 383 0 30.0 165.0 -4969.9 
buy 383 3 29.0 170.54 -4965.62 
buy 384 0 30.0 165.11 -4973.34 
sell 384 3 145.0 170.63 24721.49 
buy 385 0 30.0 164.89 -4966.84 
buy 386 0 30.0 164.98 -4969.28 
buy 386 3 29.0 170.32 -4959.37 
sell 387 0 240.0 165.39 39672.68 
buy 387 2 34.0 144.71 -4940.1 
buy 387 3 29.0 170.39 -4961.44 
buy 388 2 34.0 145.69 -4973.53 
buy 388 3 29.0 170.52 -4964.95 
buy 389 1 43.0 113.68 -4908.19 
buy 389 2 34.0 145.31 -4960.39 
sell 389 3 87.0 170.92 14849.83 
buy 390 1 43.0 113.75 -4911.09 
sell 390 2 102.0 143.78 14645.86 
buy 391 1 43.0 113.93 -4919.1 
buy 392 1 43.0 114.13 -4927.61 
sell 393 1 172.0 114.36 19649.47 
buy 395 0 29.0 167.2 -4868.85 
buy 395 1 43.0 114.22 -4931.43 
buy 396 0 29.0 167.2 -4868.73 
buy 396 1 43.0 114.6 -4947.97 
buy 396 2 34.0 143.74 -4907.13 
buy 396 4 32.0 154.4 -4960.64 
buy 397 0 29.0 167.29 -4871.44 
buy 397 1 43.0 114.9 -4960.54 
buy 397 2 34.0 144.34 -4927.44 
buy 397 4 32.0 154.43 -4961.76 
buy 398 0 29.0 167.69 -4883.15 
sell 398 1 129.0 115.18 14838.76 
buy 398 2 34.0 145.04 -4951.25 
buy 398 4 32.0 154.17 -4953.32 
buy 399 0 29.0 167.2 -4868.9 
sell 399 2 102.0 144.06 14674.1 
buy 399 4 32.0 154.05 -4949.55 
buy 400 0 29.0 166.74 -4855.39 
buy 400 1 43.0 115.37 -4980.7 
sell 400 4 128.0 154.07 19701.39 
buy 401 0 29.0 167.03 -4863.81 
buy 401 1 42.0 115.89 -4887.52 
buy 401 3 29.0 171.3 -4987.72 
buy 402 0 29.0 166.08 -4836.3 
buy 402 1 43.0 115.32 -4978.67 
buy 402 3 29.0 171.06 -4980.81 
buy 403 0 30.0 165.8 -4994.11 
sell 403 1 128.0 115.05 14706.43 
buy 403 3 29.0 170.84 -4974.3 
buy 403 4 32.0 153.92 -4945.47 
buy 404 0 30.0 165.85 -4995.6 
buy 404 2 32.0 152.44 -4898.11 
sell 404 3 87.0 171.06 14862.13 
buy 404 4 32.0 154.03 -4949.03 
buy 405 0 30.0 165.63 -4988.92 
buy 405 2 32.0 154.16 -4953.27 
buy 405 4 32.0 154.01 -4948.46 
buy 406 0 30.0 165.82 -4994.62 
buy 406 2 32.0 153.52 -4932.63 
buy 406 4 32.0 154.08 -4950.43 
buy 407 0 30.0 165.88 -4996.46 
buy 407 1 43.0 115.39 -4981.67 
sell 407 2 96.0 152.73 14641.88 
buy 407 4 32.0 154.11 -4951.42 
buy 408 0 30.0 165.71 -4991.36 
buy 408 1 42.0 115.91 -4888.07 
buy 408 4 32.0 154.3 -4957.56 
buy 409 0 30.0 165.11 -4973.19 
buy 409 1 43.0 115.8 -4999.32 
buy 409 4 32.0 154.4 -4960.65 
buy 410 0 30.0 165.32 -4979.75 
buy 410 1 42.0 116.24 -4901.88 
buy 410 2 32.0 152.86 -4911.65 
buy 410 3 29.0 170.62 -4968.01 
buy 410 4 32.0 154.29 -4957.37 
buy 411 0 30.0 165.32 -4979.6 
buy 411 1 42.0 116.16 -4898.74 
buy 411 2 32.0 152.24 -4891.54 
buy 411 3 29.0 170.55 -4965.96 
buy 411 4 32.0 154.02 -4948.58 
buy 412 0 30.0 165.34 -4980.17 
buy 412 1 42.0 116.31 -4904.86 
buy 412 2 32.0 152.74 -4907.76 
buy 412 3 29.0 170.52 -4965.2 
sell 412 4 288.0 153.79 44270.82 
buy 413 0 30.0 165.37 -4981.16 
buy 413 1 42.0 116.62 -4917.99 
buy 413 2 32.0 152.61 -4903.42 
buy 413 3 29.0 170.53 -4965.35 
buy 414 0 30.0 165.58 -4987.33 
buy 414 1 42.0 116.27 -4903.31 
buy 414 2 32.0 151.76 -4876.17 
buy 414 3 29.0 170.74 -4971.5 
buy 415 0 30.0 165.11 -4973.2 
buy 415 1 43.0 115.54 -4988.23 
sell 415 2 160.0 151.59 24234.93 
buy 415 3 29.0 170.69 -4970.07 
buy 416 0 30.0 165.46 -4983.86 
buy 416 1 43.0 115.68 -4994.42 
buy 416 3 29.0 170.11 -4953.27 
buy 416 4 32.0 153.81 -4942.05 
sell 417 0 652.0 164.91 107502.14 
buy 417 1 43.0 115.67 -4994.02 
buy 417 3 29.0 170.3 -4958.73 
buy 417 4 32.0 153.79 -4941.32 
buy 418 1 43.0 115.64 -4992.54 
buy 418 3 29.0 169.69 -4941.13 
buy 418 4 32.0 153.95 -4946.42 
buy 419 1 43.0 115.54 -4988.42 
buy 419 3 29.0 169.67 -4940.56 
buy 419 4 32.0 153.92 -4945.38 
buy 420 1 43.0 115.42 -4983.07 
buy 420 3 29.0 169.72 -4941.95 
buy 420 4 32.0 154.0 -4948.12 
buy 421 1 43.0 115.42 -4983.05 
sell 421 3 319.0 169.7 54115.73 
buy 421 4 32.0 154.19 -4954.15 
buy 422 1 43.0 115.59 -4990.49 
buy 422 3 29.0 169.47 -4934.77 
sell 422 4 192.0 154.22 29589.71 
buy 423 1 43.0 115.79 -4999.01 
buy 423 2 31.0 156.91 -4884.14 
buy 423 3 29.0 169.8 -4944.25 
buy 424 1 42.0 116.87 -4928.6 
buy 424 2 31.0 156.81 -4881.25 
buy 424 3 29.0 170.22 -4956.3 
buy 425 1 42.0 117.99 -4975.42 
buy 425 2 31.0 156.53 -4872.48 
buy 425 3 29.0 170.08 -4952.35 
buy 426 1 41.0 119.2 -4907.3 
sell 426 2 93.0 155.59 14449.75 
buy 426 3 29.0 169.94 -4948.33 
buy 427 1 41.0 120.46 -4958.81 
buy 427 3 29.0 169.79 -4943.77 
buy 428 1 40.0 121.65 -4886.0 
buy 428 3 29.0 169.39 -4932.32 
buy 429 1 40.0 122.26 -4910.24 
buy 429 3 29.0 169.57 -4937.46 
buy 430 1 40.0 123.22 -4948.72 
sell 430 3 232.0 169.73 39356.32 
buy 431 0 30.0 164.16 -4944.75 
buy 431 1 40.0 124.08 -4983.07 
buy 432 0 30.0 163.72 -4931.48 
sell 432 1 1051.0 125.62 132010.22 
buy 432 3 29.0 169.31 -4930.08 
buy 433 0 30.0 163.28 -4918.3 
buy 433 3 29.0 169.51 -4935.68 
buy 433 4 32.0 154.5 -4964.05 
buy 434 0 30.0 163.63 -4928.77 
buy 434 3 29.0 169.02 -4921.47 
buy 434 4 32.0 154.47 -4962.93 
sell 435 0 120.0 163.81 19636.86 
buy 435 3 29.0 169.14 -4925.17 
buy 435 4 32.0 154.34 -4958.73 
buy 436 2 32.0 150.93 -4849.73 
buy 436 3 29.0 169.23 -4927.77 
buy 436 4 32.0 154.36 -4959.54 
buy 437 2 33.0 150.73 -4994.06 
buy 437 3 29.0 169.21 -4926.96 
buy 437 4 32.0 154.42 -4961.54 
buy 438 2 33.0 149.62 -4957.6 
buy 438 3 29.0 169.22 -4927.37 
buy 438 4 32.0 154.58 -4966.41 
buy 439 2 33.0 148.17 -4909.75 
sell 439 3 203.0 169.64 34416.97 
sell 439 4 192.0 154.63 29668.18 
sell 440 2 131.0 146.49 19170.38 
buy 441 0 30.0 163.41 -4922.17 
buy 441 1 38.0 128.97 -4920.82 
buy 442 0 30.0 163.68 -4930.45 
buy 442 1 38.0 128.53 -4904.08 
buy 442 4 32.0 154.33 -4958.67 
buy 443 0 30.0 163.0 -4910.03 
buy 443 1 38.0 128.68 -4909.78 
buy 443 4 32.0 154.37 -4959.92 
sell 444 0 90.0 162.91 14641.91 
buy 444 1 38.0 128.84 -4916.07 
buy 444 4 32.0 154.28 -4956.83 
sell 445 1 152.0 128.85 19564.92 
buy 445 4 32.0 154.23 -4955.51 
buy 446 0 30.0 164.28 -4948.5 
buy 446 1 38.0 128.87 -4917.01 
buy 446 3 29.0 168.83 -4916.14 
buy 446 4 32.0 154.13 -4952.05 
buy 447 0 30.0 164.87 -4966.04 
buy 447 1 38.0 128.99 -4921.68 
buy 447 3 29.0 168.62 -4910.0 
buy 447 4 32.0 153.77 -4940.53 
buy 448 0 30.0 165.94 -4998.25 
buy 448 1 38.0 128.79 -4914.13 
buy 448 3 29.0 168.8 -4915.06 
buy 448 4 32.0 153.47 -4931.05 
sell 449 0 90.0 166.14 14932.44 
buy 449 1 38.0 128.68 -4909.68 
buy 449 3 29.0 169.31 -4930.12 
buy 449 4 32.0 153.34 -4926.8 
sell 450 1 152.0 128.42 19499.59 
buy 450 3 29.0 169.36 -4931.56 
buy 450 4 32.0 152.79 -4909.27 
sell 451 3 145.0 169.51 24558.26 
buy 451 4 32.0 152.75 -4907.85 
buy 452 4 32.0 152.59 -4902.95 
buy 453 4 32.0 152.86 -4911.66 
buy 454 1 38.0 128.99 -4921.72 
buy 454 4 32.0 153.03 -4917.06 
buy 455 1 38.0 129.57 -4943.63 
buy 455 4 32.0 153.01 -4916.21 
buy 456 0 28.0 173.26 -4871.31 
buy 456 1 38.0 129.95 -4957.99 
buy 456 2 34.0 143.04 -4883.47 
sell 456 4 448.0 152.86 68463.48 
buy 457 0 28.0 172.97 -4863.16 
sell 457 1 114.0 130.07 14808.44 
buy 457 2 34.0 142.67 -4870.76 
buy 458 0 28.0 172.75 -4857.1 
buy 458 2 34.0 143.48 -4898.45 
buy 459 0 28.0 173.38 -4874.55 
buy 459 2 34.0 144.67 -4938.82 
buy 460 0 28.0 173.1 -4866.67 
buy 460 2 34.0 144.19 -4922.58 
buy 460 4 32.0 153.06 -4917.97 
buy 461 0 28.0 173.62 -4881.23 
buy 461 2 34.0 145.44 -4964.79 
buy 461 4 32.0 153.09 -4918.78 
buy 462 0 28.0 173.39 -4874.81 
buy 462 2 34.0 145.83 -4978.36 
buy 462 4 32.0 153.2 -4922.44 
buy 463 0 28.0 173.63 -4881.62 
buy 463 2 34.0 144.92 -4947.23 
buy 463 4 32.0 153.21 -4922.72 
buy 464 0 28.0 173.72 -4884.05 
buy 464 2 34.0 144.22 -4923.47 
sell 464 4 128.0 153.15 19583.64 
buy 465 0 28.0 173.7 -4883.52 
buy 465 1 38.0 130.85 -4992.44 
buy 465 2 34.0 143.52 -4899.62 
buy 466 0 28.0 173.54 -4879.23 
buy 466 1 38.0 130.86 -4992.72 
buy 466 2 34.0 144.81 -4943.39 
buy 467 0 28.0 173.34 -4873.63 
buy 467 1 38.0 130.57 -4981.51 
buy 467 2 34.0 143.66 -4904.58 
buy 468 0 28.0 173.31 -4872.62 
buy 468 1 38.0 130.42 -4975.83 
buy 468 2 34.0 143.4 -4895.67 
buy 468 4 32.0 152.6 -4903.34 
buy 469 0 28.0 173.95 -4890.49 
buy 469 1 38.0 130.03 -4961.23 
buy 469 2 34.0 142.45 -4863.19 
buy 469 4 32.0 152.49 -4899.77 
buy 470 0 28.0 174.29 -4900.04 
buy 470 1 38.0 130.1 -4963.79 
buy 470 2 34.0 144.04 -4917.35 
buy 470 4 32.0 152.33 -4894.56 
sell 471 0 420.0 174.0 73062.07 
buy 471 1 38.0 130.43 -4976.24 
sell 471 2 510.0 144.58 73713.28 
sell 471 4 96.0 152.42 14612.33 
buy 472 1 38.0 130.83 -4991.65 
buy 473 1 38.0 130.95 -4996.04 
sell 474 1 342.0 131.04 44794.52 
buy 477 0 28.0 173.75 -4884.88 
buy 478 0 28.0 173.62 -4881.37 
buy 479 0 28.0 173.97 -4891.28 
buy 480 0 28.0 173.6 -4880.91 
buy 481 0 28.0 172.84 -4859.62 
sell 482 0 140.0 173.48 24266.78 
buy 483 2 33.0 147.02 -4871.56 
buy 484 2 33.0 148.63 -4924.86 
buy 484 4 32.0 151.53 -4868.85 
buy 485 2 33.0 149.55 -4955.31 
buy 485 4 32.0 151.41 -4865.21 
sell 486 2 99.0 149.64 14794.05 
buy 486 4 32.0 151.34 -4862.79 
buy 487 4 32.0 151.4 -4864.69 
buy 488 4 32.0 151.5 -4868.04 
buy 489 2 32.0 152.25 -4891.97 
sell 489 4 160.0 151.2 24171.86 
buy 490 0 28.0 174.1 -4894.79 
buy 490 2 32.0 153.91 -4945.15 
buy 491 0 28.0 174.62 -4909.27 
buy 491 2 32.0 153.68 -4937.61 
buy 492 0 28.0 174.91 -4917.58 
buy 492 2 32.0 154.78 -4973.0 
buy 492 4 32.0 151.36 -4863.6 
sell 493 0 84.0 174.67 14651.96 
buy 493 2 32.0 154.06 -4950.01 
buy 493 4 32.0 151.17 -4857.48 
buy 494 2 31.0 155.83 -4850.75 
buy 494 4 32.0 150.93 -4849.76 
buy 495 2 31.0 156.22 -4862.67 
buy 495 4 33.0 150.82 -4997.11 
buy 496 2 32.0 154.9 -4976.8 
buy 496 4 33.0 150.85 -4997.98 
sell 497 2 254.0 154.98 39344.81 
buy 497 4 33.0 150.82 -4997.04 
buy 498 4 33.0 150.88 -4998.93 
sell 499 4 228.0 150.76 34354.24 
buy 500 1 38.0 130.76 -4988.7 
buy 501 1 38.0 130.72 -4987.54 
buy 502 1 38.0 130.36 -4973.62 
buy 503 1 38.0 130.43 -4976.21 
buy 504 1 38.0 130.05 -4961.88 
buy 505 1 38.0 130.03 -4961.2 
buy 505 3 29.0 169.88 -4946.42 
buy 506 1 38.0 130.21 -4967.89 
buy 506 3 29.0 169.82 -4944.75 
buy 506 4 33.0 150.83 -4997.24 
buy 507 1 38.0 130.2 -4967.59 
buy 507 3 29.0 169.47 -4934.57 
buy 507 4 33.0 150.86 -4998.49 
buy 508 1 38.0 129.75 -4950.4 
buy 508 3 29.0 169.17 -4926.03 
buy 508 4 33.0 150.75 -4994.6 
buy 509 1 38.0 129.57 -4943.78 
buy 509 3 29.0 169.46 -4934.22 
buy 509 4 32.0 151.0 -4851.99 
buy 510 1 38.0 129.5 -4941.02 
buy 510 3 29.0 170.32 -4959.19 
buy 510 4 32.0 150.98 -4851.31 
sell 511 1 418.0 129.48 54103.44 
buy 511 2 32.0 151.67 -4873.57 
sell 511 3 174.0 169.98 29556.82 
buy 511 4 32.0 151.03 -4852.99 
buy 512 2 33.0 150.56 -4988.5 
buy 512 4 32.0 151.02 -4852.8 
buy 513 2 33.0 149.23 -4944.65 
buy 513 3 29.0 170.38 -4960.88 
buy 513 4 32.0 151.16 -4856.96 
sell 514 2 98.0 150.06 14686.19 
buy 514 3 29.0 170.04 -4951.3 
buy 514 4 32.0 150.94 -4850.11 
buy 515 3 29.0 170.19 -4955.39 
buy 515 4 32.0 151.11 -4855.53 
buy 516 3 29.0 170.27 -4957.94 
buy 516 4 32.0 151.44 -4866.18 
buy 517 1 38.0 128.83 -4915.45 
buy 517 3 29.0 170.36 -4960.45 
buy 517 4 32.0 151.46 -4866.58 
buy 518 1 38.0 128.48 -4902.1 
buy 518 3 29.0 170.33 -4959.5 
buy 518 4 32.0 151.42 -4865.54 
buy 519 1 38.0 129.11 -4926.13 
sell 519 3 174.0 170.38 29626.83 
buy 519 4 32.0 151.67 -4873.47 
buy 520 1 38.0 128.8 -4914.42 
buy 520 4 32.0 151.72 -4874.95 
buy 521 1 38.0 128.94 -4919.59 
sell 521 4 483.0 151.79 73294.95 
buy 522 1 38.0 129.27 -4932.44 
buy 523 1 38.0 129.44 -4938.87 
buy 524 1 38.0 129.08 -4925.0 
buy 524 3 29.0 171.03 -4979.86 
buy 525 1 38.0 128.77 -4913.35 
buy 525 3 29.0 171.07 -4981.04 
buy 526 1 38.0 129.11 -4926.07 
buy 526 3 29.0 171.27 -4986.84 
buy 527 1 38.0 129.17 -4928.62 
buy 527 3 29.0 170.96 -4977.76 
buy 528 1 38.0 128.78 -4913.57 
buy 528 3 29.0 170.89 -4975.67 
buy 529 1 38.0 128.84 -4916.04 
buy 529 2 31.0 158.06 -4919.79 
sell 529 3 145.0 170.57 24712.56 
buy 530 1 38.0 128.47 -4902.0 
buy 530 2 31.0 157.68 -4908.04 
buy 531 1 38.0 128.49 -4902.54 
buy 531 2 32.0 155.47 -4995.07 
buy 532 1 38.0 128.86 -4916.62 
buy 532 2 31.0 156.46 -4870.18 
buy 533 0 28.0 175.43 -4931.99 
sell 533 1 608.0 129.06 78445.54 
buy 533 2 31.0 156.32 -4865.84 
buy 533 4 32.0 151.96 -4882.65 
buy 534 0 28.0 175.59 -4936.42 
buy 534 2 31.0 157.16 -4892.1 
buy 534 4 32.0 151.96 -4882.6 
buy 535 0 28.0 175.33 -4929.1 
buy 535 2 32.0 155.31 -4990.03 
buy 535 4 32.0 151.95 -4882.31 
sell 536 0 84.0 175.28 14703.71 
buy 536 2 31.0 155.85 -4851.46 
buy 536 3 29.0 170.22 -4956.48 
sell 536 4 96.0 152.18 14589.63 
sell 537 2 250.0 156.92 39209.68 
buy 537 3 29.0 169.97 -4949.0 
buy 538 3 29.0 169.88 -4946.57 
buy 539 0 28.0 174.84 -4915.5 
buy 539 3 29.0 169.91 -4947.31 
buy 540 0 28.0 175.4 -4931.23 
buy 540 3 29.0 170.32 -4959.14 
buy 541 0 28.0 175.99 -4947.8 
buy 541 1 38.0 127.85 -4878.37 
buy 541 3 29.0 170.54 -4965.79 
buy 541 4 32.0 152.63 -4904.26 
buy 542 0 28.0 176.0 -4947.92 
buy 542 1 38.0 127.9 -4880.36 
buy 542 3 29.0 170.95 -4977.45 
buy 542 4 32.0 152.53 -4900.82 
buy 543 0 28.0 176.42 -4959.88 
buy 543 1 38.0 128.21 -4891.98 
buy 543 3 28.0 171.78 -4829.92 
buy 543 4 32.0 152.41 -4897.23 
buy 544 0 28.0 176.24 -4954.73 
sell 544 1 114.0 127.93 14564.33 
buy 544 3 28.0 172.05 -4837.26 
buy 544 4 32.0 152.46 -4898.67 
sell 545 0 168.0 176.91 29701.19 
sell 545 3 259.0 172.27 44597.52 
sell 545 4 128.0 152.66 19520.62 
buy 548 0 28.0 176.93 -4973.99 
buy 548 2 32.0 154.41 -4960.97 
buy 548 4 32.0 152.52 -4900.66 
buy 549 0 28.0 177.32 -4984.99 
buy 549 1 38.0 128.12 -4888.74 
buy 549 2 32.0 153.8 -4941.63 
buy 549 4 32.0 152.51 -4900.24 
buy 550 0 28.0 177.51 -4990.35 
buy 550 1 38.0 128.04 -4885.65 
buy 550 2 32.0 154.51 -4964.32 
buy 550 4 32.0 152.34 -4894.77 
buy 551 0 28.0 177.77 -4997.5 
buy 551 1 38.0 128.29 -4895.08 
buy 551 2 32.0 153.86 -4943.44 
buy 551 4 32.0 152.16 -4889.11 
buy 552 0 27.0 177.95 -4824.74 
buy 552 1 38.0 128.65 -4908.87 
buy 552 2 32.0 153.3 -4925.7 
sell 552 4 128.0 152.22 19464.39 
buy 553 0 27.0 178.02 -4826.47 
buy 553 1 38.0 128.52 -4903.84 
buy 553 2 32.0 154.42 -4961.49 
buy 554 0 28.0 177.57 -4991.86 
sell 554 1 190.0 129.23 24533.63 
buy 554 2 32.0 152.99 -4915.74 
buy 555 0 28.0 177.19 -4981.28 
buy 555 2 33.0 150.85 -4997.93 
buy 556 0 28.0 177.4 -4987.15 
sell 556 2 257.0 152.6 39198.77 
buy 557 0 28.0 177.31 -4984.56 
buy 558 0 27.0 177.89 -4823.06 
buy 558 3 28.0 173.56 -4879.75 
buy 559 0 27.0 177.95 -4824.69 
buy 559 3 28.0 173.77 -4885.51 
buy 560 0 27.0 178.22 -4832.04 
buy 560 1 38.0 129.91 -4956.74 
buy 560 2 32.0 151.32 -4862.4 
buy 560 3 28.0 173.72 -4884.28 
sell 561 0 359.0 178.01 63884.48 
buy 561 1 38.0 129.85 -4954.43 
buy 561 2 32.0 150.99 -4851.56 
buy 561 3 28.0 174.05 -4893.36 
buy 562 1 38.0 130.46 -4977.48 
buy 562 2 32.0 152.83 -4910.61 
sell 562 3 112.0 173.89 19455.54 
sell 563 1 114.0 130.2 14823.27 
sell 563 2 96.0 153.57 14722.46 
buy 564 4 32.0 152.69 -4906.0 
buy 565 4 32.0 152.6 -4903.08 
buy 566 4 32.0 152.58 -4902.5 
buy 567 3 28.0 173.75 -4884.89 
buy 567 4 32.0 152.58 -4902.65 
buy 568 3 28.0 173.85 -4887.67 
sell 568 4 128.0 152.45 19494.0 
buy 569 3 28.0 173.83 -4887.37 
buy 569 4 32.0 152.48 -4899.38 
buy 570 1 38.0 130.31 -4971.67 
buy 570 3 28.0 173.72 -4884.17 
buy 570 4 32.0 152.67 -4905.35 
buy 571 1 38.0 129.81 -4952.82 
buy 571 3 28.0 173.96 -4890.82 
buy 571 4 32.0 152.71 -4906.85 
buy 572 1 38.0 129.37 -4936.21 
buy 572 3 28.0 174.26 -4899.17 
buy 572 4 32.0 152.59 -4902.77 
buy 573 1 38.0 129.52 -4941.69 
sell 573 3 168.0 174.02 29215.79 
buy 573 4 32.0 152.28 -4892.87 
sell 574 1 152.0 129.5 19663.85 
buy 574 3 28.0 174.19 -4897.2 
buy 574 4 32.0 152.47 -4898.93 
buy 575 3 28.0 174.19 -4897.4 
buy 575 4 32.0 152.72 -4906.99 
buy 576 3 28.0 174.32 -4900.99 
sell 576 4 224.0 152.94 34237.97 
buy 577 3 28.0 174.12 -4895.35 
sell 578 3 112.0 173.91 19458.29 
buy 581 0 27.0 184.34 -4997.08 
buy 582 0 27.0 184.34 -4997.15 
buy 582 2 30.0 162.68 -4900.43 
buy 582 3 28.0 174.48 -4905.31 
buy 583 0 26.0 184.56 -4818.63 
buy 583 2 30.0 162.26 -4887.77 
buy 583 3 28.0 174.33 -4901.11 
buy 584 0 27.0 184.1 -4990.83 
buy 584 2 30.0 162.22 -4886.52 
buy 584 3 28.0 174.24 -4898.81 
buy 585 0 27.0 184.08 -4990.26 
buy 585 2 30.0 162.59 -4897.68 
sell 585 3 84.0 174.23 14615.41 
buy 585 4 31.0 155.69 -4846.28 
sell 586 0 134.0 183.94 24628.59 
buy 586 2 30.0 163.08 -4912.43 
buy 586 4 31.0 156.13 -4860.15 
buy 587 2 30.0 162.43 -4892.99 
buy 587 4 31.0 156.56 -4873.39 
sell 588 2 180.0 162.48 29225.97 
buy 588 4 31.0 157.25 -4894.83 
sell 589 4 124.0 157.84 19552.77 
buy 590 3 28.0 174.13 -4895.6 
buy 591 3 28.0 174.27 -4899.46 
buy 592 0 27.0 183.23 -4967.12 
buy 592 3 28.0 174.77 -4913.67 
buy 593 0 27.0 182.41 -4945.04 
buy 593 3 28.0 174.35 -4901.69 
buy 594 0 27.0 182.61 -4950.52 
buy 594 2 30.0 162.05 -4881.41 
buy 594 3 28.0 174.51 -4906.29 
buy 594 4 31.0 158.27 -4926.33 
sell 595 0 81.0 183.03 14805.25 
buy 595 1 39.0 125.21 -4903.23 
buy 595 2 31.0 160.01 -4980.31 
buy 595 3 28.0 174.25 -4899.12 
buy 595 4 31.0 158.48 -4932.99 
buy 596 1 39.0 124.57 -4878.34 
buy 596 2 31.0 159.48 -4963.97 
buy 596 3 28.0 174.42 -4903.71 
buy 596 4 31.0 158.33 -4928.18 
buy 597 1 39.0 124.68 -4882.35 
buy 597 2 31.0 157.01 -4887.37 
buy 597 3 28.0 174.06 -4893.74 
buy 597 4 31.0 158.32 -4928.02 
buy 598 1 39.0 125.15 -4901.03 
sell 598 2 123.0 157.41 19341.22 
buy 598 3 28.0 173.64 -4881.78 
buy 598 4 31.0 158.06 -4919.97 
buy 599 0 27.0 183.46 -4973.43 
buy 599 1 39.0 125.54 -4916.12 
buy 599 3 28.0 172.75 -4856.93 
buy 599 4 31.0 158.14 -4922.39 
buy 600 0 27.0 183.53 -4975.44 
buy 600 1 39.0 125.14 -4900.65 
buy 600 3 28.0 172.92 -4861.76 
buy 600 4 31.0 158.21 -4924.66 
buy 601 0 27.0 183.33 -4970.01 
sell 601 1 234.0 125.31 29302.08 
buy 601 3 28.0 173.09 -4866.6 
buy 601 4 31.0 158.35 -4928.77 
buy 602 0 27.0 183.12 -4964.3 
buy 602 1 39.0 125.31 -4907.27 
buy 602 3 28.0 173.34 -4873.53 
buy 602 4 31.0 158.22 -4924.7 
sell 603 0 108.0 183.28 19774.37 
buy 603 1 39.0 125.34 -4908.25 
buy 603 3 28.0 173.93 -4890.13 
sell 603 4 279.0 158.05 44075.34 
buy 604 1 39.0 125.45 -4912.71 
buy 604 3 28.0 174.24 -4898.7 
buy 605 1 39.0 125.63 -4919.74 
buy 605 3 28.0 174.11 -4895.06 
buy 606 1 39.0 125.95 -4932.22 
buy 606 3 28.0 173.91 -4889.44 
sell 607 1 195.0 126.22 24592.49 
buy 607 2 30.0 161.72 -4871.5 
buy 607 3 28.0 173.55 -4879.35 
buy 608 2 31.0 159.14 -4953.3 
sell 608 3 504.0 173.07 87206.95 
buy 609 2 31.0 160.09 -4982.69 
buy 610 2 31.0 158.96 -4947.69 
buy 610 3 28.0 172.18 -4841.16 
buy 611 2 31.0 158.18 -4923.52 
buy 611 3 28.0 172.09 -4838.41 
sell 612 2 154.0 158.77 24431.07 
buy 612 3 28.0 171.95 -4834.6 
buy 612 4 31.0 157.34 -4897.67 
sell 613 3 84.0 171.91 14420.53 
buy 613 4 31.0 157.53 -4903.42 
buy 614 4 31.0 157.49 -4902.07 
buy 615 4 31.0 157.53 -4903.57 
buy 616 0 27.0 183.11 -4964.01 
buy 616 3 29.0 171.09 -4981.59 
buy 616 4 31.0 157.75 -4910.25 
buy 617 0 27.0 183.18 -4965.89 
buy 617 3 29.0 171.04 -4980.07 
sell 617 4 155.0 157.83 24444.04 
buy 618 0 27.0 183.36 -4970.59 
buy 618 2 31.0 160.41 -4992.82 
buy 618 3 29.0 171.04 -4980.16 
buy 619 0 27.0 183.95 -4986.71 
buy 619 2 31.0 159.01 -4949.21 
buy 619 3 29.0 170.93 -4977.04 
buy 619 4 31.0 157.97 -4917.12 
sell 620 0 108.0 183.34 19780.34 
buy 620 2 31.0 159.62 -4968.26 
sell 620 3 116.0 170.68 19779.06 
buy 620 4 31.0 158.23 -4925.24 
sell 621 2 93.0 156.32 14517.45 
buy 621 4 31.0 158.3 -4927.26 
buy 622 4 31.0 158.24 -4925.32 
buy 623 1 39.0 125.63 -4919.5 
buy 623 4 31.0 158.06 -4919.87 
buy 624 1 39.0 125.43 -4911.7 
buy 624 4 31.0 157.9 -4914.87 
buy 625 1 39.0 125.17 -4901.53 
sell 625 4 186.0 157.92 29353.85 
buy 626 1 39.0 124.73 -4884.59 
buy 626 2 32.0 154.28 -4956.81 
buy 627 1 39.0 124.71 -4883.55 
buy 627 2 32.0 155.56 -4998.05 
buy 628 0 27.0 184.15 -4992.13 
buy 628 1 39.0 124.61 -4879.63 
buy 628 2 32.0 155.08 -4982.65 
buy 629 0 27.0 184.34 -4997.13 
buy 629 1 40.0 123.95 -4978.11 
buy 629 2 32.0 155.44 -4994.07 
buy 630 0 27.0 184.2 -4993.43 
buy 630 1 40.0 124.04 -4981.77 
buy 630 2 31.0 156.93 -4884.74 
buy 631 0 27.0 184.24 -4994.61 
buy 631 1 40.0 123.57 -4962.8 
buy 631 2 31.0 157.59 -4905.19 
sell 632 0 108.0 184.22 19875.68 
sell 632 1 354.0 123.44 43678.1 
buy 632 2 31.0 160.42 -4993.1 
sell 633 2 221.0 161.2 35604.26 
buy 633 3 29.0 170.39 -4961.44 
buy 634 3 29.0 170.71 -4970.67 
buy 635 3 29.0 170.99 -4978.78 
buy 636 3 29.0 171.04 -4980.22 
buy 637 1 40.0 123.99 -4979.79 
buy 637 3 29.0 170.97 -4978.21 
buy 638 1 40.0 124.32 -4992.98 
sell 638 3 145.0 171.08 24786.38 
buy 639 0 27.0 183.81 -4982.91 
buy 639 1 40.0 124.34 -4993.68 
buy 639 4 31.0 158.58 -4936.04 
buy 640 0 27.0 183.9 -4985.33 
buy 640 1 40.0 124.41 -4996.4 
buy 640 4 31.0 158.61 -4936.89 
buy 641 0 27.0 184.32 -4996.74 
buy 641 1 39.0 124.7 -4883.2 
buy 641 4 31.0 158.66 -4938.58 
buy 642 0 26.0 184.75 -4823.5 
sell 642 1 199.0 124.95 24845.6 
buy 642 4 31.0 158.87 -4944.82 
sell 643 0 107.0 184.3 19700.35 
buy 643 3 29.0 171.19 -4984.55 
buy 643 4 31.0 158.85 -4944.26 
buy 644 3 29.0 171.3 -4987.59 
buy 644 4 31.0 158.8 -4942.89 
buy 645 2 30.0 163.05 -4911.4 
buy 645 3 29.0 171.27 -4986.87 
buy 645 4 31.0 158.75 -4941.32 
buy 646 2 30.0 163.28 -4918.32 
buy 646 3 29.0 171.31 -4987.9 
buy 646 4 31.0 158.69 -4939.35 
buy 647 1 39.0 126.14 -4939.38 
buy 647 2 30.0 163.76 -4932.9 
buy 647 3 29.0 171.13 -4982.71 
buy 647 4 31.0 158.69 -4939.47 
buy 648 1 39.0 126.57 -4956.33 
sell 648 2 90.0 163.69 14712.05 
buy 648 3 29.0 170.97 -4978.0 
buy 648 4 31.0 158.79 -4942.4 
buy 649 1 39.0 126.59 -4957.02 
buy 649 3 29.0 170.74 -4971.6 
sell 649 4 310.0 159.02 49275.33 
buy 650 1 39.0 126.54 -4955.03 
buy 650 3 29.0 170.99 -4978.74 
buy 651 1 39.0 126.58 -4956.74 
buy 651 3 29.0 171.2 -4984.79 
buy 652 1 39.0 126.31 -4946.26 
sell 652 3 261.0 171.45 44728.86 
buy 653 1 39.0 126.25 -4943.7 
buy 653 3 29.0 171.45 -4992.05 
sell 654 1 273.0 126.5 34513.19 
buy 654 3 29.0 171.33 -4988.67 
buy 655 3 29.0 171.35 -4989.06 
buy 656 3 29.0 171.04 -4980.06 
buy 656 4 31.0 158.65 -4938.27 
buy 657 3 29.0 171.41 -4990.78 
buy 657 4 31.0 158.7 -4939.58 
buy 658 3 29.0 170.84 -4974.47 
buy 658 4 31.0 158.72 -4940.28 
buy 659 3 29.0 170.97 -4978.19 
buy 659 4 31.0 158.71 -4939.9 
buy 660 3 29.0 171.02 -4979.44 
buy 660 4 31.0 158.83 -4943.85 
buy 661 3 29.0 171.12 -4982.41 
buy 661 4 31.0 159.18 -4954.72 
buy 662 3 29.0 171.4 -4990.7 
buy 662 4 31.0 159.16 -4954.09 
buy 663 3 29.0 171.2 -4984.7 
buy 663 4 31.0 159.2 -4955.15 
buy 664 3 29.0 171.44 -4991.85 
buy 664 4 31.0 159.29 -4958.11 
buy 665 3 29.0 170.99 -4978.64 
sell 665 4 279.0 159.42 44457.63 
buy 666 3 29.0 171.05 -4980.45 
buy 667 1 39.0 127.65 -4998.45 
buy 667 3 29.0 170.81 -4973.48 
buy 668 1 39.0 127.5 -4992.55 
buy 668 3 29.0 170.83 -4974.09 
buy 669 1 39.0 127.32 -4985.66 
buy 669 3 29.0 170.94 -4977.23 
buy 669 4 31.0 159.31 -4958.56 
sell 670 1 117.0 127.07 14847.08 
buy 670 2 29.0 166.44 -4846.71 
buy 670 3 29.0 171.1 -4981.82 
buy 670 4 31.0 159.37 -4960.37 
buy 671 2 29.0 166.26 -4841.67 
buy 671 3 29.0 171.14 -4983.19 
buy 671 4 31.0 159.23 -4956.23 
buy 672 2 29.0 167.3 -4871.64 
buy 672 3 29.0 171.1 -4981.88 
buy 672 4 31.0 159.27 -4957.24 
buy 673 2 29.0 167.46 -4876.42 
buy 673 3 29.0 170.83 -4974.14 
buy 673 4 31.0 159.24 -4956.36 
buy 674 2 29.0 168.81 -4915.48 
buy 674 3 29.0 170.71 -4970.57 
buy 674 4 31.0 159.0 -4948.99 
buy 675 2 29.0 168.85 -4916.6 
buy 675 3 29.0 171.02 -4979.54 
buy 675 4 31.0 158.91 -4946.28 
buy 676 2 29.0 169.43 -4933.49 
buy 676 3 29.0 170.45 -4963.16 
sell 676 4 217.0 158.79 34437.77 
buy 677 2 29.0 169.74 -4942.53 
buy 677 3 29.0 170.41 -4961.94 
buy 678 2 29.0 169.54 -4936.68 
buy 678 3 29.0 170.83 -4973.97 
buy 679 0 27.0 183.28 -4968.52 
buy 679 2 29.0 167.67 -4882.44 
buy 679 3 29.0 170.21 -4956.11 
buy 679 4 31.0 158.76 -4941.42 
buy 680 0 27.0 182.99 -4960.73 
buy 680 2 30.0 165.69 -4990.72 
buy 680 3 29.0 170.12 -4953.59 
buy 680 4 31.0 158.39 -4930.07 
buy 681 0 27.0 182.93 -4959.11 
buy 681 1 39.0 127.24 -4982.52 
buy 681 2 30.0 164.44 -4953.1 
buy 681 3 29.0 169.85 -4945.57 
buy 681 4 31.0 158.53 -4934.42 
buy 682 0 27.0 182.0 -4933.91 
buy 682 1 39.0 127.64 -4997.89 
buy 682 2 30.0 165.31 -4979.18 
buy 682 3 29.0 169.93 -4948.08 
buy 682 4 31.0 158.38 -4929.82 
buy 683 0 27.0 181.61 -4923.42 
buy 683 1 39.0 127.14 -4978.48 
buy 683 2 30.0 164.62 -4958.51 
buy 683 3 29.0 169.87 -4946.32 
buy 683 4 31.0 158.66 -4938.5 
buy 684 0 27.0 181.97 -4933.27 
buy 684 1 39.0 127.44 -4990.33 
buy 684 2 30.0 165.89 -4996.78 
buy 684 3 29.0 170.13 -4953.85 
buy 684 4 31.0 158.67 -4938.8 
buy 685 0 27.0 182.0 -4933.97 
buy 685 1 39.0 126.86 -4967.62 
buy 685 2 29.0 166.31 -4843.09 
buy 685 3 29.0 170.75 -4971.7 
buy 685 4 31.0 158.52 -4934.25 
sell 686 0 189.0 181.5 34284.14 
buy 686 1 39.0 126.97 -4971.97 
sell 686 2 469.0 165.08 77404.7 
sell 686 3 957.0 170.39 163046.02 
buy 686 4 31.0 158.65 -4938.09 
sell 687 1 234.0 127.08 29715.89 
buy 687 3 29.0 169.96 -4948.82 
buy 687 4 31.0 158.7 -4939.64 
buy 688 3 29.0 170.29 -4958.32 
buy 688 4 31.0 158.71 -4939.91 
buy 689 3 29.0 169.78 -4943.6 
buy 689 4 31.0 158.97 -4948.18 
buy 690 0 27.0 181.31 -4915.45 
buy 690 3 29.0 169.34 -4931.0 
buy 690 4 31.0 158.95 -4947.58 
buy 691 0 27.0 181.12 -4910.13 
buy 691 1 38.0 127.91 -4880.52 
buy 691 3 29.0 168.89 -4917.72 
buy 691 4 31.0 159.11 -4952.56 
buy 692 0 27.0 181.54 -4921.56 
buy 692 1 38.0 127.8 -4876.23 
buy 692 3 29.0 168.54 -4907.73 
buy 692 4 31.0 159.1 -4951.95 
buy 693 0 27.0 181.28 -4914.66 
buy 693 1 38.0 128.71 -4911.07 
sell 693 3 174.0 168.1 29228.82 
buy 693 4 31.0 159.18 -4954.53 
buy 694 0 27.0 180.96 -4905.83 
buy 694 1 38.0 128.53 -4904.32 
buy 694 4 31.0 159.24 -4956.47 
buy 695 0 27.0 180.53 -4894.23 
buy 695 1 38.0 128.45 -4901.01 
buy 695 4 31.0 159.26 -4956.95 
buy 696 0 27.0 180.09 -4882.34 
buy 696 1 38.0 128.48 -4902.17 
buy 696 4 31.0 159.09 -4951.76 
sell 697 0 189.0 180.2 34037.12 
buy 697 1 38.0 128.49 -4902.64 
buy 697 3 29.0 167.85 -4887.72 
sell 697 4 558.0 159.04 88723.34 
buy 698 1 38.0 128.99 -4921.55 
buy 698 2 30.0 163.97 -4939.16 
buy 698 3 29.0 167.73 -4884.1 
buy 699 1 38.0 129.52 -4941.87 
buy 699 2 30.0 163.46 -4923.84 
buy 699 3 29.0 167.76 -4885.14 
buy 699 4 31.0 159.4 -4961.41 
sell 700 1 342.0 129.27 44191.36 
buy 700 2 30.0 163.42 -4922.59 
sell 700 3 87.0 167.84 14582.27 
buy 700 4 31.0 159.53 -4965.49 
sell 701 2 90.0 162.63 14617.05 
buy 701 4 31.0 159.5 -4964.44 
buy 702 4 31.0 159.43 -4962.35 
buy 703 0 27.0 180.64 -4897.2 
buy 703 4 31.0 159.52 -4965.24 
buy 704 0 27.0 180.46 -4892.54 
buy 704 4 31.0 159.73 -4971.72 
buy 705 0 27.0 180.22 -4885.88 
buy 705 3 29.0 167.92 -4889.82 
buy 705 4 31.0 159.5 -4964.6 
buy 706 0 27.0 179.8 -4874.48 
buy 706 3 29.0 168.06 -4893.7 
buy 706 4 31.0 159.39 -4961.0 
buy 707 0 27.0 179.71 -4872.11 
buy 707 1 38.0 128.7 -4910.52 
buy 707 2 30.0 162.17 -4885.2 
buy 707 3 29.0 167.92 -4889.81 
buy 707 4 31.0 159.66 -4969.37 
sell 708 0 135.0 179.06 24153.11 
buy 708 1 38.0 127.98 -4883.31 
buy 708 2 30.0 162.79 -4903.58 
sell 708 3 87.0 167.75 14574.43 
buy 708 4 31.0 159.72 -4971.23 
buy 709 1 39.0 127.59 -4995.99 
buy 709 2 30.0 161.07 -4852.08 
buy 709 4 31.0 159.64 -4968.79 
buy 710 1 39.0 126.95 -4971.0 
buy 710 2 30.0 160.74 -4842.29 
sell 710 4 341.0 159.54 54383.0 
buy 711 1 39.0 126.72 -4961.89 
buy 711 2 30.0 161.16 -4854.95 
sell 712 1 193.0 126.8 24453.29 
buy 712 2 30.0 160.94 -4848.29 
buy 713 1 39.0 126.63 -4958.42 
buy 713 2 31.0 160.58 -4997.88 
buy 714 1 39.0 126.25 -4943.7 
sell 714 2 211.0 161.37 34029.75 
buy 714 4 31.0 159.68 -4969.93 
buy 715 1 39.0 125.13 -4900.26 
buy 715 4 31.0 159.79 -4973.45 
sell 716 1 117.0 124.67 14565.96 
buy 716 4 31.0 159.74 -4971.88 
buy 717 4 31.0 159.55 -4965.93 
sell 718 4 124.0 159.66 19777.78 
buy 720 1 39.0 124.96 -4893.5 
buy 721 1 39.0 125.09 -4898.59 
buy 722 1 39.0 125.13 -4900.04 
buy 723 1 39.0 125.05 -4897.13 
sell 724 1 156.0 125.33 19531.38 
buy 725 0 27.0 180.74 -4899.94 
buy 725 1 39.0 125.21 -4903.17 
buy 726 0 27.0 181.15 -4911.16 
buy 726 1 39.0 125.78 -4925.43 
buy 726 4 31.0 159.45 -4963.02 
buy 727 0 27.0 181.6 -4923.29 
buy 727 1 39.0 126.01 -4934.33 
buy 727 4 31.0 159.22 -4955.97 
buy 728 0 27.0 181.72 -4926.5 
buy 728 1 39.0 125.85 -4927.99 
buy 728 4 31.0 159.04 -4950.09 
buy 729 0 27.0 182.12 -4937.22 
buy 729 1 39.0 125.65 -4920.51 
buy 729 4 31.0 159.11 -4952.46 
