buy 0 0 25.0 195.75 -4913.67 
buy 0 1 38.0 129.32 -4934.09 
buy 0 2 27.0 182.02 -4934.66 
buy 0 3 30.0 165.26 -4977.76 
buy 0 4 32.0 155.1 -4983.27 
buy 7 2 30.0 160.92 -4847.58 
sell 7 3 30.0 170.51 5095.33 
sell 14 0 25.0 177.74 4423.47 
buy 14 2 31.0 158.38 -4929.68 
sell 21 0 0 177.91 -20.0 
buy 21 1 47.0 104.53 -4932.84 
sell 21 2 88.0 160.12 14070.81 
sell 21 4 32.0 150.17 4785.52 
sell 28 0 0 177.03 -20.0 
sell 28 1 85.0 102.7 8709.8 
sell 28 2 0 159.13 -20.0 
sell 28 3 0 167.82 -20.0 
sell 28 4 0 150.18 -20.0 
sell 35 1 0 101.52 -20.0 
buy 35 3 29.0 167.32 -4872.42 
buy 35 4 33.0 149.99 -4969.8 
buy 42 0 28.0 175.68 -4938.97 
buy 42 1 48.0 102.35 -4932.67 
buy 42 3 29.0 166.08 -4836.2 
sell 42 4 33.0 150.06 4931.83 
sell 49 0 28.0 175.97 4907.26 
buy 49 2 31.0 160.11 -4983.56 
sell 49 4 0 149.96 -20.0 
buy 56 1 48.0 102.18 -4924.71 
buy 56 3 30.0 164.08 -4942.29 
buy 56 4 33.0 149.71 -4960.38 
sell 63 0 0 173.88 -20.0 
buy 63 1 48.0 102.35 -4932.89 
buy 63 3 30.0 164.5 -4954.97 
sell 63 4 33.0 150.04 4931.32 
sell 70 2 31.0 146.54 4522.63 
buy 70 4 33.0 149.85 -4964.96 
sell 77 0 0 174.11 -20.0 
sell 77 2 0 150.4 -20.0 
sell 77 3 118.0 164.24 19359.97 
buy 77 4 33.0 149.8 -4963.55 
sell 84 0 0 174.24 -20.0 
buy 84 1 48.0 101.81 -4907.06 
buy 84 2 33.0 149.8 -4963.39 
buy 84 3 29.0 168.33 -4901.7 
buy 91 0 28.0 172.32 -4844.99 
sell 91 1 192.0 101.48 19463.34 
buy 91 2 32.0 154.99 -4979.79 
sell 91 3 29.0 175.29 5063.55 
sell 91 4 66.0 150.24 9895.76 
buy 98 0 28.0 172.11 -4839.03 
sell 98 4 0 150.11 -20.0 
sell 105 0 56.0 171.51 9584.31 
sell 105 1 0 106.58 -20.0 
sell 105 2 65.0 158.72 10297.09 
buy 105 3 28.0 177.02 -4976.49 
buy 105 4 33.0 150.02 -4970.81 
buy 112 0 29.0 171.4 -4990.56 
buy 112 1 46.0 106.23 -4906.52 
buy 112 2 31.0 156.82 -4881.51 
sell 112 3 28.0 175.88 4904.56 
sell 112 4 33.0 150.74 4954.3 
sell 119 0 29.0 171.61 4956.63 
buy 119 1 47.0 105.69 -4987.2 
buy 119 2 32.0 155.04 -4981.16 
sell 119 4 0 150.72 -20.0 
sell 126 0 0 170.79 -20.0 
sell 126 2 63.0 156.07 9812.59 
buy 126 3 28.0 176.68 -4967.16 
sell 126 4 0 150.57 -20.0 
sell 133 0 0 170.0 -20.0 
buy 133 2 31.0 155.78 -4849.07 
sell 133 3 28.0 175.85 4903.84 
sell 140 1 93.0 109.72 10183.81 
buy 140 2 32.0 152.25 -4892.05 
sell 140 3 0 176.42 -20.0 
sell 140 4 0 150.99 -20.0 
buy 147 0 29.0 169.87 -4946.22 
sell 147 1 0 108.88 -20.0 
buy 147 3 28.0 176.96 -4974.84 
buy 147 4 32.0 152.01 -4884.47 
sell 154 0 29.0 169.08 4883.43 
buy 154 1 46.0 108.1 -4992.79 
buy 154 2 32.0 152.2 -4890.51 
sell 154 4 32.0 153.29 4885.14 
buy 161 0 29.0 170.46 -4963.32 
buy 161 2 33.0 149.08 -4939.76 
sell 161 4 0 152.84 -20.0 
sell 168 0 29.0 171.22 4945.31 
buy 168 1 44.0 110.97 -4902.57 
buy 168 2 32.0 153.0 -4916.07 
sell 168 3 28.0 175.73 4900.42 
buy 168 4 32.0 153.22 -4922.89 
buy 175 0 28.0 171.78 -4829.75 
sell 175 1 90.0 109.65 9848.31 
buy 175 2 33.0 149.12 -4940.87 
sell 175 3 0 175.09 -20.0 
sell 182 1 0 109.21 -20.0 
sell 182 2 193.0 148.87 28712.3 
buy 182 3 28.0 177.63 -4993.65 
sell 189 0 28.0 170.68 4759.05 
sell 189 2 0 144.15 -20.0 
sell 189 4 32.0 153.23 4883.31 
buy 196 1 45.0 108.36 -4896.24 
sell 196 2 0 139.32 -20.0 
buy 196 4 32.0 153.61 -4935.67 
sell 203 0 0 170.56 -20.0 
buy 203 1 45.0 108.37 -4896.53 
sell 203 2 0 136.98 -20.0 
buy 203 4 32.0 153.14 -4920.37 
sell 210 1 90.0 109.1 9798.87 
sell 210 2 0 139.5 -20.0 
buy 210 3 27.0 179.61 -4869.43 
sell 210 4 64.0 152.64 9748.7 
buy 217 0 28.0 172.62 -4853.45 
buy 217 1 46.0 108.18 -4996.33 
buy 217 2 35.0 139.84 -4914.35 
sell 217 3 55.0 178.99 9824.31 
sell 224 0 28.0 170.64 4757.81 
sell 224 1 46.0 109.79 5030.34 
buy 224 2 35.0 139.47 -4901.38 
sell 224 4 0 151.92 -20.0 
sell 231 2 70.0 141.29 9870.4 
sell 231 4 0 152.42 -20.0 
buy 238 0 29.0 167.85 -4887.69 
buy 238 2 36.0 137.62 -4974.39 
sell 238 3 0 177.59 -20.0 
sell 238 4 0 153.14 -20.0 
sell 245 0 29.0 165.88 4790.49 
buy 245 2 35.0 141.89 -4986.27 
buy 245 3 28.0 176.92 -4973.75 
sell 252 1 0 112.11 -20.0 
sell 252 2 71.0 142.0 10061.72 
buy 252 3 28.0 175.92 -4945.64 
sell 252 4 0 154.15 -20.0 
buy 259 0 30.0 165.01 -4970.23 
buy 259 2 34.0 143.25 -4890.63 
buy 259 3 28.0 175.35 -4929.86 
sell 259 4 0 154.18 -20.0 
buy 266 0 30.0 164.6 -4958.01 
sell 266 1 0 112.1 -20.0 
sell 266 3 84.0 175.13 14690.82 
buy 266 4 32.0 154.07 -4950.1 
sell 273 2 34.0 141.67 4796.75 
sell 273 4 32.0 153.67 4897.31 
buy 280 0 30.0 163.45 -4923.6 
sell 280 3 0 173.66 -20.0 
sell 280 4 0 154.07 -20.0 
buy 287 0 30.0 163.08 -4912.34 
buy 287 3 28.0 173.69 -4883.45 
buy 294 0 30.0 163.24 -4917.09 
buy 294 1 43.0 113.46 -4898.6 
buy 294 2 34.0 142.71 -4872.05 
buy 294 3 28.0 173.37 -4874.47 
buy 294 4 32.0 154.14 -4952.34 
buy 301 0 30.0 162.05 -4881.48 
sell 301 2 34.0 137.84 4666.68 
buy 301 3 28.0 174.2 -4897.51 
sell 308 0 180.0 161.51 29051.69 
buy 308 1 43.0 113.88 -4916.66 
buy 308 3 28.0 174.27 -4899.69 
sell 315 0 0 161.73 -20.0 
sell 315 3 112.0 173.33 19392.81 
sell 315 4 32.0 154.75 4932.06 
buy 322 0 30.0 163.21 -4916.23 
sell 322 1 86.0 114.65 9840.18 
sell 322 2 0 138.26 -20.0 
sell 322 3 0 173.32 -20.0 
buy 329 0 30.0 163.46 -4923.82 
sell 329 1 0 115.13 -20.0 
sell 329 3 0 172.54 -20.0 
buy 329 4 32.0 153.8 -4941.53 
sell 336 1 0 114.85 -20.0 
buy 336 2 36.0 137.03 -4953.23 
buy 336 4 32.0 154.0 -4947.86 
sell 343 0 60.0 162.93 9756.02 
sell 343 1 0 114.04 -20.0 
sell 343 3 0 172.82 -20.0 
buy 350 0 30.0 163.44 -4923.09 
buy 350 1 43.0 113.6 -4904.9 
sell 350 2 36.0 138.44 4963.9 
buy 357 0 30.0 163.04 -4911.29 
buy 357 1 44.0 112.74 -4980.52 
sell 357 2 0 145.71 -20.0 
buy 364 0 30.0 161.48 -4864.29 
buy 364 1 44.0 113.01 -4992.27 
sell 371 1 131.0 113.35 14829.5 
buy 371 3 29.0 170.93 -4976.99 
buy 371 4 32.0 153.95 -4946.31 
sell 378 0 90.0 162.85 14636.62 
buy 378 2 33.0 150.19 -4976.23 
sell 378 3 29.0 170.79 4932.98 
buy 378 4 32.0 154.13 -4952.01 
sell 385 0 0 164.89 -20.0 
sell 385 1 0 112.04 -20.0 
sell 385 4 128.0 154.4 19742.76 
sell 392 0 0 166.44 -20.0 
buy 392 2 34.0 143.41 -4895.97 
sell 392 3 0 170.4 -20.0 
buy 392 4 32.0 154.62 -4967.78 
buy 399 0 29.0 167.2 -4868.9 
buy 399 2 34.0 144.06 -4918.03 
sell 399 3 0 171.32 -20.0 
sell 406 1 0 115.31 -20.0 
sell 406 2 101.0 153.52 15485.49 
buy 406 3 29.0 170.78 -4972.69 
buy 406 4 32.0 154.08 -4950.43 
buy 413 1 42.0 116.62 -4917.99 
sell 413 3 29.0 170.53 4925.35 
buy 420 0 30.0 165.41 -4982.38 
buy 420 1 43.0 115.42 -4983.07 
sell 420 2 0 155.83 -20.0 
sell 420 3 0 169.72 -20.0 
buy 427 0 30.0 164.32 -4949.48 
buy 427 3 29.0 169.79 -4943.77 
sell 434 1 85.0 128.23 10879.82 
buy 434 2 32.0 152.39 -4896.34 
sell 434 3 29.0 169.02 4881.47 
buy 434 4 32.0 154.47 -4962.93 
buy 441 1 38.0 128.97 -4920.82 
buy 441 2 33.0 147.41 -4884.53 
buy 441 4 32.0 154.46 -4962.65 
buy 448 0 30.0 165.94 -4998.25 
sell 448 1 38.0 128.79 4874.13 
buy 448 3 29.0 168.8 -4915.06 
sell 448 4 128.0 153.47 19624.19 
sell 455 0 119.0 172.12 20462.29 
buy 455 1 38.0 129.57 -4943.63 
buy 455 2 34.0 142.32 -4858.88 
sell 455 4 0 153.01 -20.0 
sell 462 1 38.0 130.79 4950.11 
buy 462 2 34.0 145.83 -4978.36 
sell 462 3 29.0 169.5 4895.4 
sell 469 0 0 173.95 -20.0 
sell 469 1 0 130.03 -20.0 
sell 469 2 133.0 142.45 18925.41 
sell 469 4 0 152.49 -20.0 
sell 476 0 0 173.18 -20.0 
sell 476 1 0 131.04 -20.0 
buy 476 2 34.0 143.19 -4888.42 
sell 476 3 0 168.69 -20.0 
sell 483 0 0 173.59 -20.0 
buy 483 2 33.0 147.02 -4871.56 
buy 483 4 32.0 151.49 -4867.75 
buy 490 0 28.0 174.1 -4894.79 
buy 490 1 38.0 130.95 -4996.07 
sell 490 4 32.0 151.27 4820.65 
buy 497 0 28.0 174.0 -4891.86 
buy 497 1 37.0 131.44 -4883.29 
buy 497 4 33.0 150.82 -4997.04 
sell 504 0 56.0 174.39 9745.68 
buy 504 2 32.0 153.78 -4940.93 
sell 504 3 0 169.77 -20.0 
buy 511 0 28.0 173.69 -4883.41 
sell 511 1 75.0 129.48 9691.14 
sell 511 2 99.0 151.67 14995.73 
sell 511 3 0 169.98 -20.0 
sell 511 4 33.0 151.03 4964.02 
buy 518 3 29.0 170.33 -4959.5 
sell 525 0 28.0 174.64 4869.95 
buy 525 1 38.0 128.77 -4913.35 
sell 525 2 0 155.27 -20.0 
buy 532 0 28.0 175.42 -4931.86 
buy 532 1 38.0 128.86 -4916.62 
buy 532 2 31.0 156.46 -4870.18 
sell 532 3 29.0 170.62 4928.12 
buy 532 4 32.0 151.87 -4879.78 
buy 539 0 28.0 174.84 -4915.5 
buy 539 1 39.0 127.58 -4995.47 
buy 539 2 31.0 156.9 -4883.79 
buy 539 3 29.0 169.91 -4947.31 
buy 539 4 32.0 152.33 -4894.53 
sell 546 1 115.0 128.06 14706.44 
sell 546 3 29.0 172.01 4968.17 
buy 546 4 32.0 152.68 -4905.85 
buy 553 0 27.0 178.02 -4826.47 
sell 560 0 83.0 178.22 14772.56 
sell 560 1 0 129.91 -20.0 
sell 560 2 62.0 151.32 9362.14 
sell 560 3 0 173.72 -20.0 
buy 567 1 38.0 129.7 -4948.46 
buy 567 2 32.0 152.41 -4897.03 
sell 567 4 96.0 152.58 14627.94 
sell 574 1 38.0 129.5 4900.96 
sell 574 3 0 174.19 -20.0 
buy 574 4 32.0 152.47 -4898.93 
buy 581 0 27.0 184.34 -4997.08 
buy 581 1 38.0 128.27 -4894.21 
buy 581 2 30.0 164.24 -4947.29 
sell 581 3 0 174.63 -20.0 
sell 588 1 38.0 126.83 4799.56 
buy 588 2 30.0 162.48 -4894.33 
sell 588 3 0 174.17 -20.0 
sell 588 4 32.0 157.25 5012.08 
sell 595 0 27.0 183.03 4921.75 
sell 595 4 0 158.48 -20.0 
buy 602 2 31.0 158.64 -4937.76 
buy 602 3 28.0 173.34 -4873.53 
sell 609 0 0 182.69 -20.0 
buy 609 1 39.0 126.11 -4938.21 
buy 609 2 31.0 160.09 -4982.69 
sell 609 4 0 157.94 -20.0 
sell 616 0 0 183.11 -20.0 
buy 616 1 39.0 126.11 -4938.33 
sell 616 2 154.0 161.14 24795.02 
sell 616 3 28.0 171.09 4770.5 
sell 616 4 0 157.75 -20.0 
buy 623 2 32.0 155.19 -4986.06 
sell 623 3 0 170.73 -20.0 
sell 623 4 0 158.06 -20.0 
buy 630 0 27.0 184.2 -4993.43 
buy 630 1 40.0 124.04 -4981.77 
buy 630 4 31.0 158.08 -4920.51 
buy 637 0 27.0 183.99 -4987.74 
buy 637 1 40.0 123.99 -4979.79 
sell 637 2 32.0 163.23 5203.2 
buy 644 0 27.0 184.15 -4991.97 
sell 644 1 158.0 125.79 19854.13 
buy 644 3 29.0 171.3 -4987.59 
buy 651 3 29.0 171.2 -4984.79 
buy 658 3 29.0 170.84 -4974.47 
sell 658 4 31.0 158.72 4900.28 
buy 665 0 27.0 181.52 -4921.05 
buy 665 1 38.0 127.81 -4876.73 
buy 665 2 29.0 170.11 -4953.28 
sell 665 3 87.0 170.99 14855.93 
sell 672 1 38.0 126.97 4804.96 
buy 672 2 29.0 167.3 -4871.64 
sell 672 3 0 171.1 -20.0 
buy 679 0 27.0 183.28 -4968.52 
buy 679 1 39.0 127.1 -4977.06 
buy 679 2 29.0 167.67 -4882.44 
buy 679 4 31.0 158.76 -4941.42 
sell 686 0 135.0 181.5 24482.95 
buy 686 2 30.0 165.08 -4972.54 
sell 686 3 0 170.39 -20.0 
sell 686 4 31.0 158.65 4898.09 
buy 693 0 27.0 181.28 -4914.66 
buy 693 1 38.0 128.71 -4911.07 
buy 693 2 30.0 164.35 -4950.62 
buy 693 3 29.0 168.1 -4894.8 
sell 693 4 0 159.18 -20.0 
sell 700 1 77.0 129.27 9934.02 
buy 700 2 30.0 163.42 -4922.59 
buy 700 3 29.0 167.84 -4887.42 
buy 700 4 31.0 159.53 -4965.49 
buy 707 2 30.0 162.17 -4885.2 
sell 714 0 27.0 179.92 4837.91 
buy 714 1 39.0 126.25 -4943.7 
sell 714 3 58.0 167.95 9721.3 
buy 714 4 31.0 159.68 -4969.93 
buy 721 0 27.0 180.54 -4894.63 
buy 721 3 29.0 168.11 -4895.13 
sell 728 0 27.0 181.72 4886.5 
sell 728 1 39.0 125.85 4887.99 
sell 728 2 207.0 165.38 34213.38 
sell 728 3 29.0 168.38 4863.09 
buy 728 4 31.0 159.04 -4950.09 
buy 735 0 27.0 182.37 -4944.01 
buy 735 2 29.0 167.84 -4887.25 
buy 735 4 31.0 158.88 -4945.14 
buy 742 0 27.0 183.23 -4967.34 
sell 742 1 0 123.61 -20.0 
buy 742 2 29.0 167.0 -4862.96 
buy 742 3 29.0 169.03 -4921.88 
buy 749 0 27.0 182.61 -4950.51 
sell 749 1 0 123.07 -20.0 
buy 749 2 28.0 172.13 -4839.57 
sell 749 3 29.0 169.68 4900.58 
buy 749 4 31.0 156.79 -4880.37 
sell 756 0 81.0 183.75 14863.5 
buy 756 2 28.0 172.15 -4840.18 
buy 756 3 29.0 169.39 -4932.42 
buy 756 4 31.0 156.38 -4867.73 
sell 763 2 114.0 175.34 19968.2 
buy 763 3 29.0 167.58 -4879.77 
sell 770 0 0 183.18 -20.0 
sell 770 2 0 174.25 -20.0 
sell 770 4 186.0 156.92 29166.59 
buy 777 0 27.0 182.73 -4953.66 
buy 777 2 29.0 171.35 -4989.24 
buy 777 3 29.0 166.01 -4834.3 
buy 777 4 31.0 156.85 -4882.28 
buy 784 1 39.0 127.28 -4983.88 
buy 784 2 28.0 172.07 -4837.86 
buy 784 3 29.0 166.39 -4845.18 
buy 784 4 31.0 156.79 -4880.52 
sell 791 0 27.0 179.48 4826.07 
sell 791 2 57.0 168.5 9584.37 
buy 791 3 30.0 165.17 -4975.1 
buy 791 4 31.0 156.57 -4873.81 
sell 798 0 0 179.22 -20.0 
sell 798 2 0 172.65 -20.0 
sell 798 4 93.0 157.11 14591.06 
sell 805 0 0 178.77 -20.0 
sell 805 2 0 176.1 -20.0 
sell 805 3 146.0 164.52 24000.49 
buy 805 4 31.0 156.68 -4877.16 
sell 812 0 0 179.11 -20.0 
buy 812 1 39.0 127.41 -4988.8 
buy 812 3 30.0 164.21 -4946.37 
buy 819 0 27.0 178.37 -4836.09 
buy 819 1 38.0 127.89 -4879.78 
buy 819 2 28.0 172.6 -4852.8 
buy 819 3 30.0 163.33 -4919.78 
buy 819 4 31.0 156.0 -4856.15 
sell 826 0 27.0 178.03 4786.73 
buy 826 1 38.0 128.28 -4894.49 
sell 826 3 60.0 162.81 9748.43 
sell 826 4 62.0 156.33 9672.63 
buy 833 0 27.0 178.58 -4841.67 
buy 833 3 30.0 162.64 -4899.13 
buy 840 0 27.0 179.66 -4870.86 
buy 840 2 30.0 164.68 -4960.42 
sell 840 4 0 156.56 -20.0 
buy 847 0 27.0 178.18 -4830.97 
buy 847 1 39.0 127.61 -4996.87 
sell 847 2 58.0 159.6 9236.77 
sell 847 3 30.0 160.35 4790.62 
buy 847 4 31.0 157.1 -4890.11 
sell 854 1 193.0 131.11 25284.15 
buy 854 3 30.0 161.03 -4850.97 
sell 861 1 0 131.8 -20.0 
sell 861 2 0 156.93 -20.0 
buy 861 3 30.0 161.16 -4854.77 
buy 868 1 37.0 131.2 -4874.55 
buy 868 2 31.0 160.46 -4994.25 
buy 868 3 30.0 162.27 -4888.03 
sell 868 4 31.0 157.49 4862.34 
buy 875 0 24.0 199.69 -4812.45 
buy 875 1 37.0 132.17 -4910.28 
buy 875 2 30.0 162.02 -4880.51 
buy 875 3 30.0 162.41 -4892.37 
buy 882 3 30.0 163.57 -4927.22 
sell 889 0 105.0 198.21 20791.95 
buy 889 1 37.0 132.41 -4919.1 
sell 889 2 61.0 159.4 9703.51 
buy 889 3 30.0 164.7 -4961.02 
buy 896 1 37.0 133.19 -4948.02 
buy 896 2 31.0 160.05 -4981.69 
buy 896 4 31.0 157.79 -4911.56 
buy 903 0 25.0 196.48 -4932.12 
buy 903 2 31.0 160.41 -4992.64 
buy 903 3 30.0 164.63 -4958.85 
buy 903 4 31.0 157.94 -4916.17 
buy 910 0 25.0 197.51 -4957.79 
sell 910 1 148.0 132.85 19641.19 
buy 910 2 31.0 160.33 -4990.31 
sell 910 3 210.0 166.08 34857.64 
sell 910 4 62.0 158.67 9817.67 
buy 917 0 25.0 197.79 -4964.76 
buy 917 1 37.0 133.4 -4955.8 
buy 917 2 31.0 159.66 -4969.57 
buy 917 3 30.0 165.6 -4987.9 
sell 924 2 124.0 160.94 19936.9 
sell 924 3 30.0 164.98 4929.35 
buy 924 4 31.0 158.93 -4946.84 
buy 931 3 30.0 164.27 -4948.19 
buy 938 2 29.0 168.35 -4902.02 
buy 938 3 30.0 164.37 -4950.99 
buy 938 4 31.0 158.47 -4932.51 
buy 945 2 29.0 167.71 -4883.49 
sell 952 2 58.0 173.19 10024.88 
buy 952 4 31.0 158.82 -4943.36 
sell 959 2 0 173.62 -20.0 
sell 959 4 93.0 158.51 14721.69 
buy 966 0 24.0 200.22 -4825.24 
buy 966 1 37.0 132.47 -4921.38 
sell 966 2 0 176.74 -20.0 
sell 966 3 60.0 162.76 9745.37 
buy 966 4 31.0 157.81 -4912.1 
sell 973 0 99.0 197.26 19509.09 
sell 973 1 74.0 132.72 9801.41 
sell 973 2 0 175.54 -20.0 
buy 973 4 31.0 157.99 -4917.55 
sell 980 0 0 193.43 -20.0 
buy 980 1 37.0 132.39 -4918.54 
sell 980 3 0 164.24 -20.0 
sell 987 0 0 194.23 -20.0 
buy 987 3 30.0 164.7 -4960.87 
buy 987 4 31.0 157.75 -4910.31 
sell 994 0 0 197.69 -20.0 
buy 994 1 37.0 131.29 -4877.83 
sell 994 3 30.0 164.01 4900.4 
buy 994 4 31.0 157.63 -4906.41 
buy 1001 0 25.0 197.11 -4947.81 
buy 1001 1 38.0 129.73 -4949.6 
sell 1001 2 0 194.6 -20.0 
sell 1001 3 0 164.27 -20.0 
buy 1008 0 25.0 195.81 -4915.26 
sell 1008 1 112.0 130.37 14581.14 
sell 1008 2 0 196.31 -20.0 
buy 1008 3 30.0 163.92 -4937.49 
sell 1015 0 50.0 195.69 9764.62 
sell 1015 1 0 128.71 -20.0 
sell 1015 2 0 193.95 -20.0 
sell 1015 3 30.0 162.99 4869.58 
buy 1022 0 25.0 196.49 -4932.2 
buy 1022 1 38.0 127.97 -4882.99 
sell 1022 2 0 192.92 -20.0 
sell 1022 4 124.0 157.72 19536.94 
sell 1029 0 25.0 197.45 4916.34 
buy 1029 1 39.0 127.58 -4995.69 
buy 1029 3 30.0 164.8 -4963.87 
sell 1036 0 0 197.64 -20.0 
buy 1036 1 39.0 126.72 -4961.89 
buy 1036 3 30.0 163.8 -4934.14 
sell 1043 0 0 197.62 -20.0 
sell 1043 2 0 188.14 -20.0 
sell 1043 3 60.0 163.73 9803.59 
sell 1050 0 0 197.99 -20.0 
buy 1050 1 38.0 130.9 -4994.23 
buy 1050 2 26.0 184.61 -4819.93 
buy 1050 3 30.0 163.5 -4925.05 
sell 1057 1 154.0 131.58 20242.58 
sell 1057 2 26.0 186.49 4828.67 
sell 1064 0 0 199.72 -20.0 
sell 1064 2 0 200.21 -20.0 
buy 1064 3 30.0 165.0 -4970.04 
sell 1071 1 0 130.73 -20.0 
sell 1071 2 0 198.5 -20.0 
buy 1071 3 29.0 166.2 -4839.78 
sell 1078 0 0 197.14 -20.0 
buy 1078 1 37.0 131.53 -4886.76 
sell 1078 4 0 155.28 -20.0 
sell 1085 0 0 195.83 -20.0 
sell 1085 2 0 197.61 -20.0 
sell 1085 3 89.0 165.6 14718.54 
sell 1085 4 0 155.18 -20.0 
buy 1092 2 26.0 187.64 -4898.57 
sell 1092 3 0 166.03 -20.0 
sell 1092 4 0 155.2 -20.0 
buy 1099 0 25.0 196.34 -4928.46 
buy 1099 1 38.0 129.5 -4940.91 
sell 1099 3 0 165.99 -20.0 
buy 1099 4 32.0 155.34 -4990.82 
buy 1106 2 29.0 169.34 -4930.73 
sell 1113 1 75.0 130.1 9737.37 
sell 1113 3 0 164.51 -20.0 
sell 1113 4 32.0 155.0 4939.89 
sell 1120 2 55.0 164.83 9045.79 
buy 1120 3 30.0 164.22 -4946.65 
sell 1120 4 0 155.36 -20.0 
sell 1127 0 25.0 196.59 4894.77 
buy 1127 1 38.0 129.39 -4936.77 
sell 1127 2 0 164.59 -20.0 
buy 1127 3 30.0 164.0 -4940.1 
buy 1127 4 31.0 155.69 -4846.53 
sell 1134 2 0 168.73 -20.0 
buy 1141 1 38.0 130.82 -4991.18 
sell 1141 3 60.0 162.39 9723.41 
buy 1148 0 25.0 195.8 -4915.0 
sell 1148 1 76.0 129.72 9838.38 
sell 1148 2 0 176.1 -20.0 
buy 1148 4 31.0 155.7 -4846.8 
buy 1155 0 25.0 197.16 -4949.0 
sell 1155 1 0 131.06 -20.0 
buy 1155 3 30.0 161.64 -4869.33 
buy 1162 1 38.0 129.87 -4955.08 
buy 1162 2 27.0 184.3 -4996.22 
sell 1162 3 30.0 161.56 4826.7 
buy 1162 4 32.0 154.94 -4978.19 
buy 1169 0 25.0 198.06 -4971.41 
sell 1169 1 38.0 129.89 4915.93 
sell 1169 2 27.0 185.35 4984.33 
buy 1169 3 30.0 161.96 -4878.78 
buy 1176 0 25.0 198.19 -4974.82 
buy 1176 2 26.0 189.43 -4945.13 
sell 1176 4 94.0 154.4 14493.57 
buy 1183 0 25.0 197.41 -4955.23 
buy 1183 2 26.0 188.28 -4915.18 
sell 1183 3 30.0 161.33 4819.97 
sell 1190 1 0 127.88 -20.0 
buy 1190 4 32.0 155.14 -4984.44 
sell 1197 0 125.0 196.73 24571.81 
buy 1197 4 32.0 155.58 -4998.53 
buy 1204 0 25.0 195.09 -4897.16 
buy 1204 1 38.0 128.12 -4888.49 
sell 1204 2 52.0 196.26 10185.65 
buy 1204 3 30.0 162.14 -4884.07 
sell 1211 0 25.0 194.9 4852.43 
sell 1211 3 30.0 161.21 4816.33 
buy 1211 4 32.0 155.18 -4985.68 
buy 1218 0 25.0 195.58 -4909.55 
sell 1218 1 38.0 123.88 4687.36 
sell 1218 2 0 202.14 -20.0 
buy 1218 3 31.0 159.61 -4967.77 
buy 1218 4 32.0 155.46 -4994.82 
sell 1232 0 25.0 194.04 4830.91 
buy 1232 3 29.0 167.05 -4864.49 
sell 1232 4 128.0 155.57 19892.87 
sell 1239 0 0 193.56 -20.0 
sell 1239 1 0 127.15 -20.0 
buy 1239 2 23.0 207.87 -4801.08 
sell 1239 3 60.0 170.06 10183.49 
buy 1246 1 39.0 126.35 -4947.83 
sell 1246 4 0 155.41 -20.0 
buy 1253 0 25.0 194.3 -4877.45 
sell 1253 1 39.0 126.68 4920.68 
sell 1253 2 23.0 206.44 4728.08 
buy 1253 4 32.0 155.27 -4988.78 
buy 1260 0 25.0 194.37 -4879.23 
sell 1260 1 0 133.23 -20.0 
buy 1260 2 24.0 204.52 -4928.57 
buy 1260 3 29.0 168.19 -4897.5 
buy 1274 0 25.0 193.86 -4866.44 
sell 1274 1 0 134.13 -20.0 
buy 1274 2 25.0 199.14 -4998.41 
buy 1281 0 24.0 201.22 -4849.39 
buy 1281 1 37.0 134.2 -4985.58 
buy 1288 0 24.0 201.61 -4858.73 
sell 1288 1 37.0 133.82 4931.38 
sell 1288 2 49.0 215.53 10541.02 
sell 1288 3 29.0 167.61 4840.61 
buy 1288 4 32.0 154.72 -4970.97 
sell 1295 2 0 215.0 -20.0 
buy 1302 0 24.0 203.35 -4900.4 
buy 1302 3 29.0 168.76 -4914.03 
sell 1302 4 64.0 155.72 9946.25 
sell 1309 1 0 132.67 -20.0 
sell 1309 2 0 210.47 -20.0 
sell 1309 4 0 156.13 -20.0 
sell 1316 0 147.0 202.19 29701.38 
buy 1316 1 37.0 132.9 -4937.27 
sell 1316 2 0 208.13 -20.0 
sell 1316 3 29.0 168.64 4870.68 
sell 1316 4 0 156.4 -20.0 
buy 1323 0 24.0 202.68 -4884.37 
buy 1323 1 37.0 133.68 -4966.25 
buy 1323 3 29.0 167.76 -4885.09 
buy 1323 4 31.0 156.41 -4868.56 
sell 1330 0 24.0 201.86 4824.52 
sell 1330 1 74.0 133.57 9864.53 
sell 1330 3 29.0 168.21 4858.03 
buy 1330 4 31.0 156.41 -4868.71 
buy 1337 0 24.0 201.86 -4864.66 
buy 1337 1 37.0 133.1 -4944.72 
buy 1337 3 29.0 168.27 -4899.72 
sell 1337 4 62.0 156.1 9658.02 
buy 1344 0 24.0 202.72 -4885.35 
buy 1344 1 37.0 132.83 -4934.81 
buy 1344 2 23.0 213.07 -4920.72 
buy 1344 4 31.0 156.75 -4879.17 
sell 1351 1 74.0 133.43 9853.55 
buy 1351 3 29.0 167.68 -4882.86 
sell 1351 4 31.0 156.62 4835.15 
buy 1358 0 24.0 201.94 -4866.49 
buy 1358 1 37.0 133.63 -4964.25 
buy 1358 2 22.0 220.4 -4868.81 
sell 1358 3 58.0 167.17 9675.87 
buy 1365 0 24.0 201.86 -4864.71 
buy 1365 1 37.0 133.8 -4970.65 
buy 1365 2 22.0 218.54 -4827.93 
buy 1365 3 29.0 167.56 -4879.25 
sell 1372 0 96.0 202.85 19453.26 
buy 1372 3 29.0 168.04 -4893.04 
buy 1372 4 31.0 157.18 -4892.43 
sell 1379 0 0 203.1 -20.0 
buy 1379 1 37.0 133.03 -4942.04 
buy 1379 2 23.0 214.48 -4953.15 
buy 1379 3 29.0 167.39 -4874.37 
sell 1379 4 31.0 157.02 4847.54 
sell 1386 0 0 203.35 -20.0 
buy 1386 1 37.0 132.04 -4905.43 
buy 1386 2 22.0 218.41 -4824.96 
buy 1386 4 31.0 156.25 -4863.62 
sell 1393 0 0 203.1 -20.0 
sell 1393 2 112.0 218.99 24506.86 
sell 1393 3 87.0 166.75 14487.04 
buy 1393 4 31.0 156.22 -4862.81 
buy 1400 0 24.0 203.09 -4894.21 
sell 1400 2 0 217.22 -20.0 
sell 1400 3 0 167.05 -20.0 
buy 1400 4 31.0 156.52 -4871.97 
sell 1407 1 148.0 121.3 17932.15 
sell 1407 2 0 211.2 -20.0 
buy 1407 4 31.0 156.1 -4859.14 
buy 1414 1 40.0 121.63 -4885.27 
sell 1414 2 0 217.69 -20.0 
sell 1414 4 124.0 153.52 19016.38 
buy 1421 0 24.0 202.66 -4883.94 
sell 1421 1 40.0 120.54 4801.69 
buy 1421 2 22.0 218.11 -4818.32 
buy 1421 3 29.0 166.72 -4854.84 
sell 1421 4 0 152.69 -20.0 
buy 1428 0 24.0 203.73 -4909.45 
sell 1428 1 0 122.78 -20.0 
sell 1428 2 22.0 217.39 4762.64 
sell 1428 3 29.0 167.13 4826.75 
sell 1428 4 0 152.53 -20.0 
buy 1435 0 24.0 203.99 -4915.73 
sell 1435 1 0 123.3 -20.0 
buy 1435 2 22.0 219.19 -4842.13 
buy 1442 0 24.0 205.03 -4940.76 
buy 1442 3 29.0 168.76 -4914.18 
sell 1442 4 0 151.43 -20.0 
sell 1449 0 120.0 204.5 24519.56 
sell 1449 1 0 123.57 -20.0 
buy 1449 2 22.0 219.86 -4856.89 
sell 1449 3 29.0 168.22 4858.25 
sell 1449 4 0 151.62 -20.0 
sell 1456 0 0 204.79 -20.0 
buy 1456 1 40.0 122.06 -4902.28 
buy 1456 2 22.0 216.86 -4790.96 
sell 1456 3 0 167.91 -20.0 
buy 1463 2 22.0 221.1 -4884.3 
buy 1463 4 32.0 151.77 -4876.51 
buy 1470 1 40.0 123.65 -4965.85 
buy 1470 2 22.0 219.96 -4859.14 
sell 1470 3 0 168.11 -20.0 
sell 1477 0 0 206.76 -20.0 
buy 1477 2 22.0 220.5 -4870.93 
buy 1477 3 29.0 166.63 -4852.27 
buy 1477 4 32.0 151.75 -4875.9 
buy 1484 2 22.0 218.81 -4833.83 
sell 1484 3 29.0 166.49 4808.18 
sell 1484 4 64.0 152.02 9709.37 
sell 1491 4 0 152.03 -20.0 
buy 1498 1 41.0 121.17 -4987.84 
buy 1498 2 22.0 225.74 -4986.26 
sell 1498 3 0 167.05 -20.0 
buy 1498 4 32.0 151.99 -4883.8 
sell 1505 1 121.0 120.26 14531.88 
sell 1505 4 32.0 151.72 4834.93 
sell 1512 1 0 119.76 -20.0 
buy 1512 2 22.0 222.24 -4909.24 
buy 1512 3 30.0 165.23 -4976.86 
sell 1512 4 0 151.41 -20.0 
buy 1519 0 24.0 199.21 -4801.15 
buy 1519 2 22.0 221.74 -4898.17 
sell 1519 3 30.0 164.88 4926.34 
buy 1526 1 42.0 117.16 -4940.56 
sell 1526 2 220.0 229.57 50484.49 
sell 1526 4 0 151.46 -20.0 
sell 1533 0 24.0 199.23 4761.53 
buy 1533 1 42.0 117.63 -4960.54 
sell 1533 2 0 228.63 -20.0 
buy 1533 3 30.0 163.92 -4937.51 
buy 1540 0 24.0 199.52 -4808.54 
buy 1540 3 30.0 164.03 -4940.92 
buy 1540 4 33.0 150.56 -4988.32 
buy 1554 0 25.0 198.62 -4985.39 
buy 1554 2 21.0 235.43 -4964.07 
buy 1554 3 30.0 164.09 -4942.57 
sell 1554 4 33.0 149.94 4927.92 
sell 1561 0 49.0 197.45 9654.81 
sell 1561 1 84.0 117.12 9818.23 
sell 1561 4 0 149.93 -20.0 
buy 1568 1 42.0 116.77 -4924.5 
buy 1568 2 21.0 235.45 -4964.36 
sell 1575 0 0 197.26 -20.0 
buy 1575 1 41.0 119.46 -4917.92 
buy 1575 4 33.0 150.45 -4984.93 
sell 1582 0 0 197.84 -20.0 
buy 1582 1 41.0 119.64 -4925.28 
sell 1582 3 90.0 168.23 15120.35 
buy 1582 4 33.0 149.99 -4969.83 
buy 1589 0 25.0 198.02 -4970.62 
sell 1589 2 42.0 228.69 9584.87 
buy 1589 3 29.0 168.33 -4901.58 
buy 1596 0 25.0 199.07 -4996.83 
buy 1596 1 41.0 119.23 -4908.23 
buy 1596 2 21.0 236.06 -4977.33 
buy 1596 3 29.0 168.85 -4916.64 
sell 1596 4 66.0 150.16 9890.32 
buy 1603 0 25.0 198.97 -4994.17 
buy 1603 1 41.0 118.71 -4887.2 
sell 1603 2 21.0 240.56 5031.74 
sell 1610 2 0 243.39 -20.0 
sell 1610 3 58.0 167.48 9693.64 
buy 1610 4 34.0 143.56 -4901.02 
buy 1617 0 24.0 200.82 -4839.72 
buy 1617 1 42.0 118.21 -4984.8 
buy 1617 3 29.0 167.38 -4873.96 
buy 1624 0 24.0 200.62 -4834.8 
sell 1624 3 29.0 167.08 4825.33 
buy 1631 0 24.0 200.44 -4830.5 
buy 1631 1 42.0 117.58 -4958.28 
buy 1631 3 29.0 167.16 -4867.58 
buy 1638 1 42.0 117.93 -4973.01 
buy 1638 2 17.0 280.94 -4796.04 
sell 1638 3 29.0 165.23 4771.54 
sell 1638 4 34.0 142.02 4808.66 
buy 1645 0 25.0 199.07 -4996.85 
sell 1645 1 332.0 118.12 39196.11 
buy 1645 2 17.0 277.34 -4734.82 
sell 1652 1 0 118.55 -20.0 
buy 1652 4 34.0 142.45 -4863.21 
buy 1659 0 25.0 197.57 -4959.21 
buy 1659 1 41.0 119.08 -4902.32 
buy 1659 2 17.0 278.47 -4753.96 
buy 1666 0 23.0 207.6 -4794.69 
sell 1666 4 34.0 142.2 4814.82 
buy 1673 1 41.0 119.95 -4937.94 
buy 1673 3 30.0 164.56 -4956.71 
buy 1673 4 35.0 142.08 -4992.92 
sell 1680 0 220.0 211.14 46430.04 
sell 1680 1 82.0 120.49 9860.12 
buy 1680 2 17.0 278.55 -4755.31 
buy 1680 3 30.0 164.48 -4954.51 
sell 1680 4 35.0 141.92 4947.37 
buy 1687 0 23.0 210.78 -4867.84 
sell 1687 2 68.0 279.91 19013.73 
buy 1687 3 30.0 163.82 -4934.54 
sell 1694 0 23.0 210.73 4826.89 
sell 1694 2 0 281.01 -20.0 
buy 1694 4 35.0 141.83 -4983.92 
buy 1701 1 41.0 118.89 -4894.53 
sell 1701 2 0 283.02 -20.0 
buy 1701 3 30.0 162.16 -4884.9 
sell 1701 4 35.0 141.98 4949.19 
buy 1708 0 23.0 211.94 -4894.55 
buy 1708 1 41.0 119.59 -4923.23 
sell 1708 2 0 281.59 -20.0 
buy 1708 3 30.0 161.88 -4876.48 
buy 1715 0 23.0 210.86 -4869.78 
buy 1715 1 41.0 120.35 -4954.46 
buy 1722 0 23.0 211.58 -4886.37 
buy 1722 1 41.0 118.73 -4887.85 
sell 1729 0 69.0 211.89 14600.25 
sell 1729 1 164.0 118.87 19475.22 
sell 1729 2 0 280.92 -20.0 
buy 1729 4 35.0 142.02 -4990.56 
sell 1736 1 0 118.56 -20.0 
sell 1736 2 0 287.43 -20.0 
buy 1736 3 30.0 163.12 -4913.48 
sell 1736 4 35.0 141.44 4930.37 
sell 1743 2 0 286.02 -20.0 
buy 1743 4 35.0 141.15 -4960.21 
sell 1750 0 0 218.0 -20.0 
sell 1750 1 0 119.27 -20.0 
buy 1750 2 16.0 297.0 -4771.93 
buy 1750 3 30.0 162.09 -4882.7 
buy 1750 4 35.0 141.2 -4962.06 
buy 1757 1 41.0 120.03 -4941.1 
buy 1757 3 30.0 160.96 -4848.71 
buy 1757 4 35.0 140.6 -4941.05 
sell 1764 0 0 219.55 -20.0 
sell 1764 2 16.0 303.02 4828.25 
buy 1764 4 35.0 140.63 -4942.22 
sell 1771 0 0 220.06 -20.0 
sell 1771 3 240.0 159.56 38273.21 
sell 1771 4 140.0 140.41 19636.99 
sell 1778 1 41.0 120.52 4921.38 
buy 1778 2 17.0 289.75 -4945.71 
sell 1785 0 0 218.76 -20.0 
sell 1785 1 0 121.02 -20.0 
sell 1785 2 17.0 296.46 5019.87 
sell 1785 3 0 157.19 -20.0 
sell 1785 4 0 135.76 -20.0 
buy 1792 0 22.0 217.84 -4812.52 
buy 1792 2 16.0 297.21 -4775.37 
buy 1792 4 36.0 135.51 -4898.51 
buy 1799 0 22.0 217.03 -4794.6 
buy 1799 3 31.0 158.38 -4929.72 
sell 1799 4 36.0 134.99 4839.54 
buy 1806 0 22.0 218.68 -4830.92 
sell 1806 2 16.0 294.09 4685.39 
sell 1806 4 0 134.95 -20.0 
buy 1813 0 22.0 218.65 -4830.36 
buy 1813 1 41.0 120.06 -4942.49 
buy 1813 3 31.0 159.43 -4962.22 
sell 1820 1 41.0 119.11 4863.35 
buy 1820 2 16.0 299.62 -4813.85 
buy 1820 3 31.0 160.51 -4995.66 
sell 1820 4 0 134.54 -20.0 
