buy 0 0 25.0 196.01 -4920.21 
buy 0 1 38.0 129.18 -4928.85 
buy 0 2 27.0 181.21 -4912.78 
buy 0 3 30.0 165.61 -4988.42 
buy 0 4 32.0 155.16 -4985.05 
sell 3 0 25.0 176.17 4384.19 
sell 3 1 38.0 102.38 3870.37 
buy 3 2 30.0 162.77 -4903.0 
sell 3 3 30.0 172.62 5158.71 
sell 3 4 32.0 149.96 4778.68 
buy 4 2 30.0 162.04 -4881.24 
buy 5 2 30.0 162.67 -4900.21 
buy 6 2 31.0 159.85 -4975.24 
buy 7 2 30.0 160.92 -4847.58 
buy 8 2 31.0 160.33 -4990.27 
buy 9 1 48.0 103.49 -4987.39 
buy 9 2 31.0 160.04 -4981.1 
buy 10 1 48.0 103.4 -4983.16 
buy 10 2 30.0 161.59 -4867.72 
buy 11 1 48.0 103.67 -4996.0 
sell 11 2 270.0 158.53 42782.06 
sell 12 1 144.0 103.69 14911.59 
buy 16 2 30.0 160.9 -4847.14 
buy 17 2 30.0 161.15 -4854.37 
buy 18 2 31.0 159.68 -4970.01 
sell 19 2 91.0 158.82 14432.48 
buy 59 3 30.0 164.15 -4944.63 
buy 60 3 30.0 163.93 -4937.92 
buy 61 3 30.0 164.18 -4945.27 
sell 62 3 90.0 164.3 14766.88 
buy 64 4 33.0 150.1 -4973.16 
buy 65 4 33.0 150.13 -4974.13 
buy 66 4 33.0 149.91 -4966.9 
sell 67 4 99.0 149.82 14812.42 
buy 116 0 29.0 170.98 -4978.48 
buy 116 1 47.0 105.76 -4990.65 
buy 117 0 29.0 170.57 -4966.51 
buy 117 1 47.0 105.77 -4991.39 
buy 118 0 29.0 170.77 -4972.47 
buy 118 1 46.0 106.08 -4899.83 
buy 119 0 29.0 171.61 -4996.63 
buy 119 1 47.0 105.69 -4987.2 
sell 120 0 116.0 171.32 19852.76 
sell 120 1 187.0 105.98 19798.75 
buy 120 3 28.0 176.44 -4960.19 
buy 121 3 28.0 176.54 -4963.25 
buy 122 3 28.0 176.17 -4952.67 
sell 123 3 84.0 176.45 14801.77 
buy 156 3 28.0 176.52 -4962.45 
buy 157 3 28.0 176.65 -4966.08 
buy 158 3 28.0 176.6 -4964.78 
buy 159 3 28.0 176.45 -4960.58 
buy 160 3 28.0 176.15 -4952.11 
sell 161 3 140.0 175.81 24593.6 
buy 166 4 32.0 153.27 -4924.63 
buy 167 4 32.0 153.07 -4918.38 
buy 168 4 32.0 153.22 -4922.89 
sell 169 4 96.0 153.47 14713.36 
buy 173 2 32.0 151.49 -4867.71 
buy 174 2 33.0 150.82 -4996.93 
buy 175 2 33.0 149.12 -4940.87 
sell 176 2 98.0 147.35 14420.36 
buy 199 1 45.0 108.7 -4911.28 
buy 200 1 45.0 108.47 -4901.16 
buy 201 1 46.0 107.85 -4980.89 
buy 202 1 46.0 108.09 -4992.08 
sell 203 1 182.0 108.37 19702.85 
buy 285 3 28.0 173.57 -4879.9 
buy 286 3 28.0 173.89 -4888.79 
buy 287 3 28.0 173.69 -4883.45 
buy 288 3 28.0 173.56 -4879.77 
buy 288 4 32.0 154.14 -4952.41 
buy 289 3 28.0 173.48 -4877.49 
buy 289 4 32.0 154.15 -4952.8 
sell 290 3 140.0 173.51 24271.73 
buy 290 4 32.0 154.11 -4951.43 
buy 291 4 32.0 154.26 -4956.35 
buy 292 4 32.0 154.22 -4955.12 
buy 293 4 32.0 154.17 -4953.4 
buy 294 4 32.0 154.14 -4952.34 
sell 295 4 224.0 154.25 34531.12 
buy 296 1 43.0 114.47 -4942.08 
buy 297 1 43.0 114.56 -4946.23 
buy 298 1 43.0 114.44 -4940.94 
buy 299 1 43.0 114.93 -4961.84 
buy 300 1 43.0 114.43 -4940.5 
buy 301 1 43.0 113.98 -4920.95 
buy 302 1 43.0 114.01 -4922.39 
buy 303 1 43.0 113.94 -4919.23 
buy 304 1 43.0 114.15 -4928.59 
sell 305 1 387.0 114.0 44099.14 
buy 318 4 32.0 154.52 -4964.71 
buy 319 4 32.0 154.52 -4964.78 
buy 320 4 32.0 154.45 -4962.29 
buy 321 4 32.0 154.18 -4953.91 
buy 322 4 32.0 154.14 -4952.48 
buy 323 4 32.0 154.23 -4955.22 
buy 324 1 43.0 115.4 -4982.16 
buy 324 4 32.0 154.3 -4957.55 
buy 325 1 43.0 115.39 -4981.61 
buy 325 4 32.0 154.17 -4953.48 
buy 326 1 43.0 115.69 -4994.65 
buy 326 4 32.0 153.83 -4942.41 
sell 327 1 129.0 115.1 14828.12 
buy 327 4 32.0 153.95 -4946.44 
sell 328 4 320.0 153.82 49201.22 
buy 360 2 33.0 149.73 -4961.0 
buy 361 1 44.0 112.92 -4988.55 
buy 361 2 33.0 150.14 -4974.6 
buy 362 1 44.0 112.86 -4985.64 
buy 362 2 33.0 150.75 -4994.77 
buy 363 1 44.0 113.0 -4991.83 
sell 363 2 99.0 149.9 14820.04 
buy 364 1 44.0 113.01 -4992.27 
sell 365 1 176.0 113.35 19929.71 
buy 381 3 29.0 170.35 -4960.24 
buy 382 3 29.0 170.39 -4961.45 
buy 383 3 29.0 170.54 -4965.62 
sell 384 3 87.0 170.63 14824.89 
buy 414 3 29.0 170.74 -4971.5 
buy 415 3 29.0 170.69 -4970.07 
buy 416 3 29.0 170.11 -4953.27 
buy 417 3 29.0 170.3 -4958.73 
sell 418 3 116.0 169.69 19664.53 
buy 436 4 32.0 154.36 -4959.54 
buy 437 4 32.0 154.42 -4961.54 
buy 438 4 32.0 154.58 -4966.41 
sell 439 4 96.0 154.63 14824.09 
buy 450 4 32.0 152.79 -4909.27 
buy 451 4 32.0 152.75 -4907.85 
buy 452 4 32.0 152.59 -4902.95 
buy 453 4 32.0 152.86 -4911.66 
buy 454 4 32.0 153.03 -4917.06 
buy 455 4 32.0 153.01 -4916.21 
sell 456 4 192.0 152.86 29330.06 
buy 459 0 28.0 173.38 -4874.55 
buy 460 0 28.0 173.1 -4866.67 
buy 461 0 28.0 173.62 -4881.23 
buy 462 0 28.0 173.39 -4874.81 
sell 463 0 112.0 173.63 19426.47 
buy 464 2 34.0 144.22 -4923.47 
buy 465 2 34.0 143.52 -4899.62 
buy 466 2 34.0 144.81 -4943.39 
buy 467 2 34.0 143.66 -4904.58 
sell 468 2 136.0 143.4 19482.7 
buy 508 3 29.0 169.17 -4926.03 
buy 509 3 29.0 169.46 -4934.22 
buy 510 3 29.0 170.32 -4959.19 
sell 511 3 87.0 169.98 14768.41 
buy 511 4 32.0 151.03 -4852.99 
buy 512 4 32.0 151.02 -4852.8 
buy 513 4 32.0 151.16 -4856.96 
buy 514 4 32.0 150.94 -4850.11 
buy 515 4 32.0 151.11 -4855.53 
buy 516 4 32.0 151.44 -4866.18 
buy 517 4 32.0 151.46 -4866.58 
buy 518 4 32.0 151.42 -4865.54 
buy 519 4 32.0 151.67 -4873.47 
buy 520 4 32.0 151.72 -4874.95 
sell 521 4 320.0 151.79 48553.05 
buy 540 3 29.0 170.32 -4959.14 
buy 541 3 29.0 170.54 -4965.79 
buy 542 3 29.0 170.95 -4977.45 
buy 543 3 28.0 171.78 -4829.92 
buy 544 3 28.0 172.05 -4837.26 
sell 545 3 143.0 172.27 24614.39 
buy 583 0 26.0 184.56 -4818.63 
buy 584 0 27.0 184.1 -4990.83 
buy 585 0 27.0 184.08 -4990.26 
sell 586 0 80.0 183.94 14695.58 
buy 592 3 28.0 174.77 -4913.67 
buy 593 3 28.0 174.35 -4901.69 
buy 594 3 28.0 174.51 -4906.29 
buy 595 3 28.0 174.25 -4899.12 
buy 596 3 28.0 174.42 -4903.71 
buy 597 3 28.0 174.06 -4893.74 
buy 598 3 28.0 173.64 -4881.78 
sell 599 3 196.0 172.75 33838.53 
buy 605 3 28.0 174.11 -4895.06 
buy 606 3 28.0 173.91 -4889.44 
buy 607 3 28.0 173.55 -4879.35 
sell 608 3 84.0 173.07 14517.83 
buy 629 2 32.0 155.44 -4994.07 
buy 630 2 31.0 156.93 -4884.74 
buy 631 2 31.0 157.59 -4905.19 
buy 632 2 31.0 160.42 -4993.1 
sell 633 2 125.0 161.2 20129.47 
buy 642 4 31.0 158.87 -4944.82 
buy 643 4 31.0 158.85 -4944.26 
buy 644 4 31.0 158.8 -4942.89 
buy 645 4 31.0 158.75 -4941.32 
buy 646 4 31.0 158.69 -4939.35 
sell 647 4 155.0 158.69 24577.36 
buy 683 0 27.0 181.61 -4923.42 
buy 683 4 31.0 158.66 -4938.5 
buy 684 0 27.0 181.97 -4933.27 
buy 684 1 39.0 127.44 -4990.33 
buy 684 4 31.0 158.67 -4938.8 
buy 685 0 27.0 182.0 -4933.97 
buy 685 1 39.0 126.86 -4967.62 
buy 685 4 31.0 158.52 -4934.25 
sell 686 0 81.0 181.5 14681.77 
buy 686 1 39.0 126.97 -4971.97 
buy 686 4 31.0 158.65 -4938.09 
sell 687 1 117.0 127.08 14847.95 
buy 687 4 31.0 158.7 -4939.64 
buy 688 4 31.0 158.71 -4939.91 
buy 689 4 31.0 158.97 -4948.18 
buy 690 4 31.0 158.95 -4947.58 
buy 691 4 31.0 159.11 -4952.56 
buy 692 4 31.0 159.1 -4951.95 
buy 693 4 31.0 159.18 -4954.53 
sell 694 4 341.0 159.24 54281.13 
buy 728 4 31.0 159.04 -4950.09 
buy 729 4 31.0 159.11 -4952.46 
